1000
999
997
997
996
995
995
994
991
989
989
987
986
985
985
984
984
981
981
978
978
976
975
973
973
973
972
972
970
968
963
962
958
958
957
956
955
954
953
953
951
951
950
950
949
948
946
945
945
945
943
943
942
942
939
938
935
935
933
933
933
929
929
928
928
928
927
927
924
923
923
923
923
923
919
917
917
916
916
916
912
912
910
909
907
905
905
903
900
900
900
898
897
895
892
891
890
888
887
885
884
884
883
879
878
877
877
875
874
873
872
871
871
871
871
870
868
867
866
866
865
864
864
863
863
862
861
861
860
860
859
859
857
856
856
855
852
852
851
850
850
850
850
849
848
847
847
847
847
847
847
845
845
843
843
843
842
841
840
840
838
837
837
834
832
832
831
831
831
830
829
825
824
824
823
823
822
821
821
820
818
817
817
816
816
816
815
815
815
814
811
810
809
809
807
807
805
804
804
803
802
801
801
800
799
798
795
795
794
793
792
791
791
791
790
790
789
789
788
788
786
786
785
781
780
779
778
777
771
771
770
770
769
766
766
765
764
764
763
763
762
761
760
758
758
757
754
753
753
752
748
746
746
745
745
742
742
736
736
736
736
736
736
734
734
733
733
732
732
727
724
722
722
721
720
720
720
718
716
715
714
713
713
712
710
710
710
710
708
707
707
707
704
703
703
703
702
702
701
699
697
696
695
695
694
693
692
691
689
689
689
688
688
686
683
682
681
680
680
678
678
677
677
676
674
673
672
666
666
666
665
665
664
662
662
660
660
660
658
656
656
656
655
654
654
654
652
652
652
651
651
648
648
648
648
646
645
645
644
644
644
643
642
641
641
640
639
638
635
634
633
631
631
628
628
627
627
626
625
623
622
621
619
611
611
610
609
608
608
607
604
604
604
603
602
601
600
599
599
598
598
597
597
596
595
595
594
593
592
591
591
590
589
589
588
588
585
584
582
581
581
577
576
575
574
571
569
569
568
567
567
565
564
564
561
558
558
558
556
555
553
551
549
547
546
545
545
541
538
538
536
535
533
531
530
529
529
529
528
528
527
527
526
525
525
524
523
523
521
520
516
516
515
514
510
505
504
503
503
502
502
501
499
498
496
496
493
491
490
488
486
486
486
485
484
483
482
481
481
473
473
472
470
468
467
467
467
467
466
466
465
463
462
462
462
461
460
459
458
458
457
457
456
456
454
454
454
453
453
452
452
450
449
447
446
446
446
445
444
444
443
443
443
443
442
440
440
439
437
436
435
434
433
433
433
431
431
431
430
428
423
422
421
420
419
415
414
412
410
410
409
409
407
404
404
404
403
403
403
403
400
399
398
394
394
393
392
392
391
388
386
386
384
380
380
380
380
377
374
374
374
374
374
373
372
370
369
368
367
365
363
363
362
362
361
361
360
360
359
358
358
358
357
357
355
354
354
354
353
352
351
351
350
348
348
347
346
339
337
336
336
335
333
332
331
330
329
328
327
325
325
324
324
323
322
321
321
319
318
316
315
312
311
307
307
305
303
302
301
301
300
298
298
297
297
296
295
294
294
294
293
293
292
290
288
287
285
285
284
283
282
280
280
279
279
279
279
279
275
274
273
273
272
270
270
270
269
269
267
267
265
264
264
264
262
262
262
261
260
259
257
256
256
252
252
252
250
250
250
248
247
247
246
245
243
243
242
242
242
240
237
236
236
236
235
234
232
232
231
231
229
227
225
225
221
220
219
219
219
218
217
216
216
215
215
213
213
209
209
208
206
206
204
203
203
202
201
200
196
195
193
193
193
192
192
190
187
187
186
186
185
184
184
183
183
182
181
180
180
179
178
177
175
174
173
173
173
172
171
170
169
168
166
166
165
164
164
163
162
161
161
161
160
160
159
159
159
158
157
154
151
150
149
149
147
147
146
146
141
141
141
141
140
138
138
136
135
134
134
134
133
132
132
131
129
127
126
126
126
126
126
125
125
123
120
119
119
118
115
115
114
114
113
111
110
110
110
109
109
109
109
109
109
107
107
106
106
105
103
102
99
99
97
97
96
94
94
93
93
93
89
88
88
87
86
84
82
82
81
81
77
76
75
74
73
73
71
71
68
67
67
65
64
64
63
63
61
61
60
60
59
58
58
56
55
54
54
54
53
53
53
52
51
51
47
46
46
44
44
43
43
43
41
39
38
38
37
37
37
35
35
35
34
33
32
32
31
30
30
30
30
24
24
23
23
22
21
18
18
17
16
13
12
12
12
10
10
9
8
8
8
7
6
6
6
5
5
5
4
3