6477
7551
2653
157
9222
1532
589
7179
3377
800
462
9146
6078
3275
606
7306
4599
9063
64
1418
171
9239
3095
9537
5746
3289
5651
6768
2866
5264
7314
723
4874
8399
102
7935
3722
6864
2673
3274
7688
6265
7283
5169
7320
3025
3332
6750
1153
3924
3801
6711
9857
1268
3931
7399
7927
1920
4653
5641
4344
8518
6040
7296
7427
6641
8225
8425
1340
6548
1658
8892
143
5930
1633
3357
5154
9937
470
2992
8229
2854
6416
3825
6703
3801
5452
2421
6337
5292
5070
6042
9680
3730
9106
1944
645
7415
604
9219
802
5200
7359
6490
9223
6000
7670
4131
9333
4980
2802
7261
3955
6551
1682
2013
694
5958
8783
5968
1399
3264
4535
4041
8559
9406
9663
9852
4773
4849
6494
8409
320
6474
9570
1521
889
362
2093
4426
6468
7287
9022
5660
2075
8146
7966
4231
9318
7500
629
2514
9450
5252
4671
8301
8176
4849
4559
7683
728
8739
2724
9635
5456
734
4553
908
8576
9280
3938
3594
4377
7509
5746
7152
8741
4146
6315
5019
6924
4931
2461
7367
2973
3526
6448
2511
9126
1567
4966
1077
9368
1060
2196
1322
4402
3535
9754
1378
3352
3766
2639
505
9252
662
8642
9048
1894
600
9965
5104
3306
5728
3191
5494
9702
1900
2957
4642
4287
7968
8937
3563
6855
6200
2718
6238
8497
1785
593
257
7342
2022
3078
6411
7797
9016
6750
5348
7199
3294
4220
2751
9635
8494
3760
5459
9753
8890
1594
1859
4161
3639
7698
8166
5524
9871
1590
9697
3510
1748
7916
1726
1970
3084
1634
2663
138
6064
5059
7310
7973
980
1247
6643
58
5467
4943
9988
362
265
2760
7181
9148
4889
3473
9707
8976
6996
6872
4535
8600
1929
551
5258
6511
4732
7576
5087
6038
6635
2655
8979
2478
8086
3528
6787
9947
5023
8611
4230
4189
294
6022
3642
8866
7855
1566
4827
3867
1657
6174
8221
5080
6934
9708
4548
4421
5245
5448
9092
485
6714
235
9992
5801
5871
3934
4681
2909
3544
8780
832
4471
987
8775
7801
5108
6242
7103
2518
3828
32
9466
9842
1925
5978
8734
6251
800
7049
4804
5001
5526
7837
4466
8801
8779
7673
5
9027
1413
8084
7745
1457
276
159
5173
2068
3310
4248
8205
9941
5253
8229
96
9212
414
4619
4152
2823
9989
9207
7491
1116
7512
4847
6554
8565
3594
7466
9425
5738
9128
9269
5738
5392
4905
1290
7813
739
2428
3965
193
7650
2077
3239
8077
5787
6186
4622
2986
5009
7844
3639
7787
167
6157
5548
4435
8388
1300
6888
2998
6873
8018
7858
5478
4770
8589
1564
9898
7660
5029
3462
6179
4977
8136
8782
2720
3416
434
750
4809
5401
6991
9097
7339
1460
6130
2288
7273
4417
8770
623
7573
7681
3062
8999
7688
5339
9584
3092
2498
8094
3353
8906
9949
9789
3934
4381
2365
620
7710
5983
7112
4129
9501
7940
1440
23
6344
4579
6843
47
4609
1212
214
4685
1412
1996
9157
1773
2059
4321
5416
7591
457
497
1207
3709
6316
6493
9957
3486
2870
7401
2607
6095
6669
9772
9213
2076
4955
2666
1529
6161
8369
3961
3600
1595
3220
6689
2317
1091
4990
9544
1753
1980
9953
9652
336
2727
2754
7750
8238
394
60
5573
4380
9995
1306
9886
1807
1252
528
9873
3667
2077
2895
1142
4691
6610
4514
875
2259
7613
3704
3734
3993
7471
5547
9248
9015
1649
6708
9212
1080
2038
7051
9574
4869
6765
9523
7630
7009
5381
847
2912
2813
575
9030
1609
2919
2948
6927
5057
1931
3847
8876
2125
4608
4792
2263
1881
1806
4621
2641
6864
5436
6591
3213
9493
2893
8098
6030
6359
8531
8769
154
6677
2498
6638
9595
6694
1837
7273
4344
3471
3544
322
3591
6155
4068
6615
3312
8003
3917
3673
4034
8772
5171
5582
5347
3556
4533
7296
8517
624
2897
1418
4272
4642
1791
9532
9537
8300
9363
9927
7546
7230
5479
8549
7729
5922
9204
9096
2424
9161
1567
2770
988
6050
7442
9021
1529
5759
2705
4232
9383
9685
7581
9022
4736
7918
8200
4620
5121
8620
4779
8384
1414
9773
3570
1069
3646
9583
3187
9886
6040
1528
1527
5321
8985
172
6740
1111
694
2590
4885
253
8634
2978
6392
1632
2702
533
3227
7461
5993
3296
5216
151
7996
3653
276
1925
7044
2555
9956
9890
5454
5173
6174
297
8473
7529
1527
9675
4621
3297
1271
4584
499
8785
5733
6599
417
9812
6822
614
8755
803
2579
6435
6276
6681
221
2917
8546
7676
2287
7199
5604
9476
7140
8588
2696
5779
3136
4325
7075
4477
7016
7897
4524
5743
7472
2868
2849
2183
5766
4922
1571
5301
143
1836
5058
7173
3962
5087
2331
7323
1694
5245
2295
6742
2434
4341
1648
3959
5916
6063
1767
3262
6966
858
3742
6615
1282
5639
8221
352
8038
9931
8892
9363
5783
422
160
2982
1969
6801
3625
8762
9165
1696
1520
7108
8012
2154
3078
8414
5580
5848
3829
840
1917
8392
6649
119
3423
2707
1281
9156
5927
6003
8730
5641
8210
2587
5175
9744
7645
2052
3895
8878
9385
6779
6740
3357
9007
5727
9959
3211
7810
6581
4548
4821
3096
989
8783
2403
9282
7489
2855
6070
7364
9138
1603
2178
4258
7363
2941
5388
1553
8471
3698
1785
2636
447
3466
416
3927
8108
9922
453
9232
1706
2200
1547
2750
121
9645
8426
8739
5551
6819
44
7243
1810
3052
8065
5562
3620
7853
2369
303
9133
5131
9386
205
4703
5113
9088
8800
9636
1580
25
2046
4549
613
3172
8729
645
9471
2339
1889
9990
8051
1763
2795
221
3031
8888
7115
8628
3080
9599
4854
3941
8301
4165
2850
115
2517
8772
4547
7981
9269
8837
1546
6706
2099
1418
1395
3336
4335
8054
9628
9408
9339
6290
6965
4861
2777
1269
3799
6807
8893
5342
9816
2916
8368
1582
3125
5570
7888
831
1832
9618
2225
4798
5286
3229
2692
1663
2436
2712
7413
9963
7008
3272
3754
703
9102
9649
3557
3251
8371
7503
2462
1610
9781
3590
1834
7453
3111
3738
7323
7324
8201
6094
3970
3271
8242
6609
6337
7384
9165
1402
6003
2645
7376
8084
1966
1829
2105
1057
5130
876
1703
1476
250
9714
5664
8029
66
5180
1577
2783
1764
3959
5934
6507
7167
9525
9902
5298
6706
4289
7193
3609
3356
7245
6524
8435
3426
1385
1753
4554
1985
1118
6377
1184
8862
2471
4746
3172
4452
6922
6477
6827
8903
7361
3593
4569
1282
1231
8446
4341
2399
6492
6112
2400
8183
16
2872
4771
680
6552
4415
4385
4132
5372
1897
8736
2309
6885
9107
3589
2852
2874
1023
5373
472
5843
8345
2685
6314
1054
7629
3491
9250
4420
7765
8909
670
4296
1253
2161
5014
4104
2132
6832
5173
1840
7525
6865
7490
1717
9089
6523
3146
2100
9730
9101
9332
8369
2613
6188
6371
1238
3253
5284
1707
4872
1315
2012
5488
2569
6622
473
3868
203
9288
5364
1150
9451
9966
2317
4648
8898
6345
6456
5688
4379
3296
1607
1937
16
8828
8762
3589
1331
8006
1583
9368
4738
497
9050
8630
6577
1383
9607
3943
7573
2655
9673
4889
1085
405
2129
9540
4280
3919
3360
4303
4589
7623
4269
3821
870
5159
564
8330
8921
8615
6055
9483
872
3843
8135
5853
8056
8724
7893
4756
7350
5465
1487
3160
7684
6984
8495
4145
6488
1063
3488
316
4535
1203
8823
8137
3734
9711
659
234
3388
9471
2256
8655
9245
4867
6859
6377
6184
3026
2698
7879
183
7591
7684
2865
9789
4591
1911
201
1886
2773
980
8354
4000
1111
8844
4578
9842
4565
4044
4136
5321
948
2204
2445
5710
2988
126
8012
7458
71
681
2158
8063
19
223
8976
279
9557
4575
7038
7791
4364
9406
5003
8365
4707
9533
4773
2561
1826
1963
2167
3624
2481
4272
1707
111
1071
5841
721
7410
6990
6084
2616
4070
5736
2455
2623
1249
1286
7474
7412
7124
382
8994
9085
2805
87
8644
2199
248
8448
4548
4247
222
3140
5425
4465
2474
4580
9637
9736
1176
7568
6664
8498
2881
95
5323
1699
5789
9338
6101
1979
1420
150
8901
6032
1836
8780
3110
1010
9313
5896
9490
5285
4912
61
6672
6915
8260
3296
4004
5635
3406
6817
7338
5133
8747
2429
9412
4063
4159
2786
5372
7005
6839
9679
4359
6394
9886
2700
4397
7508
3467
8484
9593
9204
1467
1204
3817
4811
3899
9898
7232
6211
7474
1819
663
3410
8790
9688
9657
6797
1218
5003
3287
8042
6342
1142
9043
812
9880
5283
2384
1352
3947
1908
9351
5074
4759
2654
3707
2636
4221
2466
6208
474
502
7907
1064
5203
1445
1061
8043
4702
7779
1266
8047
2444
6038
6009
314
2469
4324
6420
4737
9490
9248
5237
3598
7612
1806
2973
5467
726
5395
5516
6804
931
3210
6418
5349
544
1927
5819
5702
31
474
997
8197
8955
471
658
2536
7076
6465
7916
4148
1985
3537
9467
8420
1285
4998
3444
948
6636
6221
6339
2807
2420
1055
5855
5428
6735
6328
9440
9291
274
4397
3867
6636
3317
5226
40
1228
741
1153
5902
6333
2935
6851
8062
6210
7356
7736
8539
817
8368
8404
140
2924
5314
4206
5318
417
3342
6319
417
7508
5901
388
3254
9980
9806
5103
4676
3656
3151
9106
7851
1898
4740
4172
9318
8858
8391
7589
3605
1282
7228
9862
7519
9402
2450
1907
1710
2524
8945
5262
6468
991
7807
6674
9221
8863
6271
2053
3687
6231
5138
156
2046
2433
6482
557
4507
7725
8967
7040
7761
6542
9371
5288
2580
2540
9571
5436
4971
5070
1631
6840
2533
6456
9457
7000
3022
1762
9244
483
28
3500
5860
3594
6010
1545
2179
3111
8486
1555
9570
7063
5429
4885
2889
7418
7344
9562
2065
6079
3396
3750
1919
3634
518
574
3322
5324
5814
7012
8671
5554
8836
9918
7387
1176
7302
387
8958
8421
8701
3479
2136
9317
4682
6700
782
645
1621
8692
2120
5212
6037
8507
7735
3274
1395
4627
6935
5677
358
650
857
4562
3495
1286
3078
2081
8240
1629
7388
8055
3625
599
427
3752
2813
6986
5769
9660
9843
6373
990
6161
7455
8453
6964
6904
8086
7259
6969
1212
9592
8297
1930
6657
9263
3932
4898
437
4693
7106
5711
8340
9427
4521
1944
5779
7960
5422
1609
341
1561
6947
9108
8868
8235
407
1553
5068
4687
443
4623
3869
504
4605
8003
8843
1017
2415
5923
3834
2214
9001
3353
2462
3402
5584
1928
2144
7883
6087
4955
9502
7002
8038
2445
1971
1440
5165
5027
6998
8870
9705
7777
4568
6947
6201
3354
9554
2370
6306
8986
2652
6396
4077
9043
9678
225
3920
2855
3285
3658
5691
9
8747
9337
7492
7279
7141
2355
639
6991
2777
9499
8066
902
6953
6545
7988
4812
2229
546
262
2167
72
8278
6716
9898
8698
5015
9725
9404
8744
432
8421
2863
3625
7810
6142
6312
3236
8416
9570
2125
4328
4077
8052
6365
8171
7469
3890
7091
148
3042
1737
3368
2275
8856
4879
3797
9802
1999
4439
1658
5506
3288
9657
262
5998
5632
4126
6900
2666
9144
7270
1890
9060
1605
5312
8194
9410
7186
5838
7256
1147
9895
2342
6986
5069
6804
31
7859
8584
1913
4853
9081
3425
3301
8625
4299
5604
3810
4464
5057
8607
5030
6646
723
6806
3548
6428
7879
6453
4576
6804
4897
3031
3395
5240
1248
9063
6599
3864
5026
4768
9840
560
384
6731
7180
5143
2143
3529
9179
3398
1289
8852
3054
3525
4000
5668
9087
7518
3320
7599
4330
1148
7396
3938
4171
6188
711
9965
7558
1889
450
6303
7952
4267
4451
1864
6824
1567
9882
8638
7302
1402
8875
2946
2550
75
4954
7793
4543
4569
9330
1202
6893
4370
236
1287
4926
6721
984
7405
2163
6746
5835
3561
4230
9720
2244
8411
3664
694
1160
9747
6469
4077
3215
4877
7716
1328
8603
513
3465
2897
5756
725
539
9459
1837
4186
7834
6715
6803
2100
2396
7545
8704
9727
2170
2758
5227
8641
3980
5869
1907
1658
7368
1878
4022
6676
8600
212
8529
8300
4917
8304
7131
832
4983
9311
1047
9446
3093
7688
5402
6316
8011
5817
7799
5982
2630
6462
7570
5600
8206
4550
3165
4345
4535
2435
5307
8652
8477
8348
2144
4462
1207
5025
6198
1831
5385
2882
3901
837
1544
9694
2540
7871
4453
2694
9695
5105
8769
9462
4674
1587
3504
3397
6455
7336
2236
3925
3815
3229
7019
8088
4293
6388
3839
3582
8284
8448
7486
8406
9870
2365
7520
9244
9419
2587
5649
9300
7986
4138
8443
175
291
2989
7111
7305
5888
3221
5770
1668
5579
4138
2385
7469
7736
4032
4391
3516
4950
7914
5959
4377
7790
191
7869
868
3543
2680
8212
5500
7757
8245
7124
1741
9164
8612
3791
1522
9156
944
4023
590
5415
8173
3969
4771
2725
203
9321
2211
7900
7343
140
6931
9164
9669
4215
8431
8545
7380
132
6592
8258
5894
1960
6787
6944
3977
5409
8151
7561
7909
8372
7793
823
2299
9450
6153
6598
8536
3521
4591
8014
2446
4613
9412
555
9743
1880
9347
4922
736
5911
1897
2158
3565
5464
8332
6340
673
3945
364
3847
2852
6612
9578
2143
4717
5521
9375
362
866
1102
5624
7142
7732
5572
8805
6183
9074
3909
2057
3661
3543
6213
5439
3615
7434
4690
4188
9995
9280
3663
2879
3384
4666
21
7926
5386
1555
7797
2641
2336
5897
1139
5068
6140
6919
4647
1355
568
2842
3583
2464
616
1105
4447
6535
5445
7009
4171
4324
5866
247
6377
5945
7751
6441
3163
6474
1544
7494
3474
5041
2086
4032
3979
9594
7927
8793
9764
8721
910
7631
508
3590
3914
1204
3220
9258
8929
8318
9303
7627
6909
2827
7066
9370
5292
6290
8244
713
514
993
503
5101
8902
1097
294
8188
282
6160
3654
4041
3242
709
2658
3969
561
5723
9057
9336
3965
521
9054
3435
7830
5875
6195
5997
6396
770
8417
7437
3375
6944
9503
1965
9899
3764
276
4671
6070
77
6287
9557
6210
2157
7707
7936
9766
4238
4607
7911
7392
4819
4641
5329
3367
4649
3750
4039
4446
6324
3744
5814
4836
6835
6028
7153
5145
2011
1669
9405
2991
1010
4005
8675
2198
2933
538
5732
7719
6255
4724
7640
273
8887
7315
1562
9127
7510
5424
9693
9780
1296
5714
4291
9845
6188
1482
7720
3874
581
4367
6061
4246
9335
7627
3077
6200
344
8997
1560
62
5762
8248
9215
7430
931
7232
7923
126
557
5742
4270
6286
9726
4616
9346
2556
8854
4434
4922
7811
1348
7166
2779
2138
5322
2157
6820
1296
9444
1124
4629
9036
7966
763
3726
1236
3783
663
5589
2384
6077
7958
281
7897
3229
8741
9587
3029
6750
9501
3962
9245
5540
516
3156
5385
5615
4695
383
1592
8947
3530
4110
5184
616
1556
848
8198
440
5252
1455
7112
5883
9695
1341
8683
8440
8452
7614
1525
3148
9003
6673
8356
8813
8911
8617
5052
2540
8239
5572
2748
4251
9272
2881
7403
8951
7401
2456
2596
3568
7998
4213
3494
4295
6326
3120
8386
8923
8208
857
2292
2262
7274
4237
8563
6406
887
5435
904
8867
4731
4749
5680
6343
7982
5528
9405
5231
3039
5943
9418
565
8130
2114
1122
6267
2353
9500
9737
5192
620
3767
3586
500
5918
832
3571
7513
1346
8103
2904
5107
665
2996
12
4300
2565
4726
2005
7453
7841
1768
7093
277
2090
778
9627
1968
5215
1787
7485
1953
293
2674
1218
637
4835
9787
6239
2046
8335
1428
6324
8023
5746
7678
4760
5507
8723
2441
6677
1851
5362
6151
1871
7220
4007
3909
8955
502
3286
5626
8766
9464
9915
8608
2754
3094
4030
943
1694
6056
205
1707
8856
5196
8347
6601
9528
9178
7854
1438
2092
1400
8799
6536
7160
9958
1123
9389
9036
131
8360
2316
6351
6528
1713
4861
3155
2031
961
3969
1593
4328
5321
9481
8834
355
9174
4328
7841
2135
6987
551
693
3734
3108
9530
5738
359
6936
9842
1288
2063
4749
6295
5505
943
7721
4902
9960
9116
1464
4787
824
7436
77
1806
9039
5486
2468
9643
6128
5050
9105
7540
706
9286
2893
6649
7520
4537
9828
2076
9890
8186
7482
1520
206
9728
4733
5788
5250
1721
9341
6622
3388
2533
1588
5033
8775
8291
9753
5175
3403
8955
9197
6953
4780
6284
8868
6948
2029
5197
4780
7894
4301
628
6506
8747
1709
3959
6316
1010
2473
3857
7320
4026
4890
8368
4115
6719
7389
9300
7415
3007
4120
942
467
7787
480
6866
7614
5282
7969
7841
8441
1570
5976
313
1647
6381
2627
7814
4707
8515
3166
1142
6040
8580
1466
806
3877
3297
6883
3840
3306
478
44
7907
6899
3826
7485
9995
8797
7570
6080
3000
7053
1297
598
2539
653
7407
1572
2352
38
3398
7421
748
8244
7039
5190
980
5008
7782
2126
2902
7784
2801
4244
4480
4250
5796
1507
9962
6265
5491
4138
962
750
648
7916
9396
2901
5486
2140
1098
9887
5804
8570
9682
8219
6474
442
6
8052
1022
5577
7096
6700
5865
4500
8097
7762
660
3475
1656
2176
6446
4624
7993
5744
6375
6864
4076
1292
7844
5982
7655
296
3460
4688
2862
9694
6427
9944
5368
1431
9793
6535
315
1557
7747
5857
1669
9137
2870
2509
6103
9828
9240
69
6376
3641
8099
5392
9396
7796
4561
3495
7979
2676
151
2425
3051
9990
9664
1989
7562
3337
6374
361
5470
6488
1276
6433
9185
4322
5976
8871
3514
2369
810
9429
4896
2583
8571
2163
6633
4116
4395
1714
9182
7119
9967
5592
3742
2055
8471
7329
8639
6624
8023
2423
3204
7482
4855
5350
4363
2525
7680
7571
696
3142
8489
1744
620
3627
2825
1112
5855
6236
1850
7664
6952
6745
6526
9233
9680
4789
5970
5183
6352
9628
5
7840
2964
5226
3595
6008
5784
9881
6236
844
8997
5675
2308
3759
648
3167
6406
2446
4984
9545
1174
9947
4298
6668
9176
8243
5115
3273
6614
608
7828
1285
5506
200
7480
317
1265
4112
938
430
3156
6000
2770
576
6140
2898
9327
3140
5326
5780
2479
5030
9728
347
4680
8609
7227
2348
6980
822
3816
3877
545
8125
6192
7864
2881
6852
294
9239
6971
2164
9333
1517
7202
894
3362
939
8970
6354
1568
2192
158
7577
860
8905
6701
3798
7511
2477
1673
6645
2901
7344
3805
9616
2163
3714
5729
8735
4186
582
1606
1978
9605
6210
7836
2099
2029
9710
5820
8801
2575
1527
2077
1616
4278
2742
4138
9641
4741
2669
141
3566
9670
3402
5774
3344
9982
1440
2736
5927
1596
983
2164
3804
274
9979
7398
296
1262
6635
7048
6009
8503
3683
9683
636
9023
1692
1456
5556
391
7018
9574
54
1687
9440
4306
2142
9428
252
3198
5646
1085
507
3748
7543
3436
6244
8433
2292
8718
6755
4043
8445
6606
3606
4351
7250
2007
838
8801
1219
6958
2131
7007
4651
9435
3979
2207
5768
7522
6075
7095
9304
2914
6382
1104
5758
7861
9498
2264
7683
1884
669
127
7320
7024
9456
3836
4100
1222
1800
2120
1103
7372
6256
5015
4245
4645
3464
1498
554
7544
4660
4264
6851
8666
9898
4884
6355
8053
4048
1045
5524
3184
2963
4812
7322
7884
3574
5776
1274
211
4768
7242
1536
1481
3459
643
2928
8293
1704
8447
8802
8640
9526
6875
2099
3914
4049
719
8038
7493
917
4688
7061
4928
1850
9240
9644
8318
7978
4451
3417
6566
1099
6022
6574
6135
8283
8577
3577
129
2943
7209
781
5773
7910
4340
1979
7303
5875
6732
3850
4481
6426
7613
6997
7486
5454
2802
1615
7922
5593
966
5576
8216
903
5091
8511
202
3310
5967
1641
1846
1077
4405
4494
1363
5231
9780
14
8946
6320
583
4921
4159
9539
5390
7710
5701
3889
4253
2084
6577
4105
373
842
4488
6965
2308
9234
3902
4154
8102
6812
9970
8149
9221
9213
4532
3248
7965
7530
7254
4514
4422
3881
1480
8800
8405
2550
8418
5549
350
4054
9113
6667
1825
8025
8180
9411
9367
2195
5614
7498
5040
6842
6638
8698
3555
2402
7841
1412
5022
8153
4177
9428
4441
2147
7646
723
2249
8547
2025
8863
9139
2082
5022
656
8699
7094
3086
535
5732
752
4649
1264
1482
9686
7956
427
3921
7726
3030
6758
2257
3119
898
9731
7003
1967
3314
8015
7923
1040
8493
626
8391
7061
4078
9857
4036
4332
8583
6447
7289
3115
9721
6971
2227
5766
5682
3839
4148
963
4772
7759
37
571
135
4859
4519
7632
5678
4203
1706
3040
9027
108
5111
4759
2618
6277
5135
728
6819
5329
5470
4137
8808
5254
3114
7632
540
5402
7136
683
1138
6931
1893
7477
8284
9206
1921
6411
1767
6213
9881
7071
3043
3955
2922
7366
4556
6144
3724
2290
9420
7898
8633
7792
541
3076
6580
6458
8309
2992
198
2697
836
5698
6675
4924
6670
5006
617
9782
3438
4193
1454
2391
9238
241
368
968
7022
3909
6059
4485
7690
5464
647
278
143
5873
3482
2375
5712
7198
9470
5891
2015
9532
8197
268
9421
5506
7989
9407
307
1050
1697
6298
3399
4274
6814
4175
5204
7831
5142
4428
3777
3889
9008
9168
31
9311
1735
3581
9090
433
8708
5513
3961
8320
5597
9489
5816
3473
6394
8923
6052
3746
5090
9999
5117
1105
1002
6104
2818
2950
2012
1151
319
7062
1744
2989
5730
9040
5049
9721
6783
9222
423
5344
7367
3636
6102
1686
4581
3799
5492
9657
8163
5006
15
1743
3787
7507
8806
4722
9194
7240
4797
4469
2538
8826
6292
1316
1180
5942
1749
8453
6917
8809
9470
8159
5254
3957
3800
2961
8777
5176
2578
4469
7405
5787
7096
595
7966
4261
4459
1724
6971
2108
5545
4998
9954
8815
7083
2045
134
5775
195
4622
7672
9265
5450
4238
765
6841
8216
6549
1325
9509
2005
3423
6865
1216
9354
250
1884
8558
5834
837
7550
5379
4184
7035
4047
6934
5638
3242
5675
5599
8019
5228
2715
8304
1931
5303
8360
9675
1318
7203
8997
6103
8022
3248
86
6531
7717
3334
9359
387
4872
1869
7360
5904
3352
2079
4316
8560
9054
4340
5248
640
6382
4353
359
3144
6068
1809
6505
287
8344
5610
1764
7308
7819
2718
646
8132
3481
7740
990
8292
3155
8882
9539
8770
6906
9742
9063
1815
9035
9090
8446
4569
6963
7601
4787
5422
6954
4237
1802
1057
9967
2422
7257
5106
6004
4636
8578
8426
1405
1830
6495
6759
9898
1887
9105
1373
8325
4093
1432
2640
6638
4304
5132
34
8077
7251
6178
9120
5945
1119
3200
2517
6310
5857
5973
4539
4827
9443
6188
9434
2131
6171
255
5151
3576
8840
3146
4259
3803
4233
367
5516
5518
7263
2044
9885
8946
4165
521
7295
4374
2779
7278
4225
5113
2131
5226
674
2781
4122
4000
2862
1524
9652
1104
7452
1768
7697
271
8788
3856
7722
9788
2755
9067
9012
6689
3705
2368
3569
1432
6154
9003
9783
8310
9501
6206
8751
2794
256
4290
3923
6685
2893
8192
1288
1569
1913
3508
4130
861
9868
6689
6467
1083
1647
711
724
8009
2435
8388
3627
6456
1286
5774
6272
2513
5059
7243
4863
1409
8546
6811
9430
195
8259
5699
3687
6578
2269
395
1085
3915
1681
1786
3471
5745
2477
7945
4316
2887
4135
8
7091
7659
3864
7988
5446
3890
2520
4884
5497
1184
9799
7685
3742
8974
3047
5713
586
9065
8086
6479
4624
2537
3489
4009
2901
9187
2257
3443
3251
3348
5842
7252
2619
3797
9524
7646
9967
3853
6844
9881
4920
1307
3156
6776
8692
1880
8035
4189
4503
6305
2958
179
7524
5957
42
3910
53
4886
1609
2309
2576
9355
9740
2247
9472
3602
1513
2167
5512
1973
5096
5132
3762
7789
9666
9270
6080
6410
2371
693
6345
1013
1325
8643
1077
2663
7267
425
1073
5696
6408
9273
1451
2736
2782
8992
7155
4333
4588
4450
3477
2370
9156
5999
5070
7221
3762
9417
8276
6985
5468
3952
3038
8057
5270
9785
2208
1721
9541
6515
590
8416
6362
6659
9224
7618
1335
8515
963
7758
5833
8953
8545
7697
2064
5276
1914
815
4889
9774
7494
9159
6412
7317
7936
2092
6439
5564
4267
4891
6410
954
28
3227
6365
8647
5663
6948
9201
169
7271
4297
5188
3925
1528
4716
1747
5171
9357
9874
7528
5626
6691
9936
9828
302
6009
7350
3707
3446
6325
8709
6384
7449
8829
371
2884
6681
194
2333
2691
8502
7737
323
1011
3668
7084
1441
9380
8375
8525
6894
6203
607
8536
240
8484
6984
9705
6945
5536
7927
4951
1408
5231
8859
3617
4168
96
7493
1081
8338
2670
8033
7497
514
773
7542
6653
2363
6966
1518
9808
4129
9176
4726
17
947
7780
6413
1494
1249
4064
5934
3533
8720
86
4054
6909
3965
819
5859
2279
1220
4998
2245
9777
9525
2463
2825
417
9278
5086
4420
1554
7617
4474
6400
4611
1347
1493
4613
1589
5772
2027
9795
8668
8177
7138
6512
9156
3613
7068
9380
3185
8739
1099
5834
1666
8904
1774
4684
5022
4727
43
5250
9248
9629
9972
4688
4307
3921
2966
7742
7087
2664
596
3680
3559
7205
8046
8995
5314
80
5638
2756
1585
1639
7328
1347
3996
6250
1651
8504
6538
1533
429
5618
697
8961
2210
9601
7267
7147
7543
9402
7532
6717
3693
6316
9857
8573
7356
3848
9269
5526
1716
5778
7956
6308
8002
8580
1810
4683
3236
24
886
9433
8303
2703
30
3867
1959
8079
7748
1856
8412
2311
3609
7323
4087
1793
3707
3397
7611
8768
7805
1727
5989
8452
2416
9719
7284
2405
9983
1356
1825
4998
1009
8335
4786
8219
6437
6700
2750
7036
9751
375
3696
4384
5711
1223
1590
5649
8210
3259
408
6828
9405
4526
174
135
2988
8543
6870
3029
7488
5026
9366
774
6041
3572
2070
1079
5902
9362
9084
6342
5331
6688
7819
3661
369
5341
1872
3691
37
2855
9278
6361
2480
1875
6225
928
8234
1
9769
1520
4711
2679
7499
1057
5399
2327
431
2360
6601
8970
3904
8751
640
3904
7454
670
2559
2402
2225
7354
8372
4634
6890
634
1450
7511
5095
4007
3041
5283
5430
1013
4405
3973
9016
7219
5085
2035
3992
2520
9703
1589
6853
4355
3506
155
1097
1176
8499
6477
4070
1299
7262
8614
1087
7176
7504
9085
9007
9427
4511
9057
524
3727
148
4308
9993
5270
601
362
78
682
5765
9521
706
852
6112
3496
3524
4454
4509
9147
9674
9401
2204
7911
5085
8245
8192
6590
2838
6140
5424
7445
3450
7482
9383
5897
7633
2575
7643
3006
6315
3877
2637
7325
4032
2206
8776
8577
3817
7130
8539
620
1564
2691
5782
7029
9042
3499
3836
5197
8461
5431
8770
7632
295
2164
6880
1706
9032
9743
5480
658
5831
6431
5606
9388
574
6834
7086
4946
9878
1907
9459
8053
6797
913
3671
8245
7888
9752
672
5632
5142
4199
9858
516
1042
1519
901
905
9803
9412
9003
6923
5206
1896
3746
6511
7692
7664
7190
8199
2395
9174
3784
1675
8520
8207
557
9924
7912
6540
5403
2110
8719
651
2017
9265
5443
5559
2508
8236
6441
3874
8454
5572
4799
9374
6000
914
2937
6440
4888
3943
8543
8776
4503
8905
6056
2414
3829
6139
3099
2409
9881
5328
101
2558
3232
5151
4600
3859
5183
398
2689
9670
6177
9519
5274
3113
5312
9167
2086
7933
4439
1036
9331
1954
9660
3009
7065
3502
7787
7691
2322
737
8208
613
1510
2498
1005
6232
5577
896
3584
1167
632
69
4855
3218
7912
9783
3376
8372
6288
8486
9010
6704
6285
2378
209
9596
844
1018
2144
3136
7920
7417
190
8492
341
4574
850
1099
5190
8706
5043
9487
2365
7416
2913
4761
7082
1902
3195
4545
8569
2331
1860
9808
6140
1774
7573
8472
270
7137
8869
5678
5593
3004
7414
6619
5003
2767
7846
5136
5802
1148
1605
6878
3252
5852
4113
2705
3007
9265
8504
6681
4471
9692
1272
5609
2834
7637
8401
5918
9420
9071
8558
1450
1884
8707
3113
5209
5697
3278
7603
9425
224
7238
4184
4011
2423
804
140
6058
4432
9255
9600
780
9997
7119
4
729
8541
3079
1875
8497
8920
9229
2233
8675
3625
5786
1702
247
7233
9101
7112
6464
8014
8007
5419
6049
6067
4966
4089
5433
6424
7201
1813
2369
4702
555
5564
9071
113
2372
7538
255
141
6895
1917
7297
8473
5428
7223
8028
7786
9576
5296
3822
2028
5327
7110
7385
7037
9738
4150
6984
2376
4027
4384
7826
2777
3268
8365
3765
4580
8696
9798
1082
3104
2674
8402
5685
613
5731
629
8980
3870
27
8548
4290
7509
7641
6370
9121
3509
5250
5255
7027
9244
6858
3279
2161
6099
5972
1007
7485
2715
1101
6601
8818
9536
8322
1920
4518
5752
3587
446
9140
283
7250
1836
1702
8128
5489
7441
9879
932
451
2499
4408
1659
1363
725
7985
7690
8316
3521
2344
2563
546
6570
7471
5247
900
807
681
9970
61
9402
1433
8684
2209
4637
6339
4208
308
577
8475
8826
3777
6523
3274
5578
1475
7850
2996
9924
1317
8069
6779
9289
1379
2616
807
874
5070
8588
8104
4026
8378
8788
95
8290
7956
7132
8839
6199
7980
1565
2635
3712
9960
3442
6136
22
3858
9846
275
3423
2351
4771
7850
6449
7634
166
5433
3779
5673
2849
5960
7623
9374
6254
9352
6654
544
4512
1239
722
7569
27
4580
2905
4330
3561
7608
7837
3973
7623
2096
9616
9032
8536
9310
8722
6000
7281
309
1941
8788
3301
5106
5959
5391
9674
8160
9867
6223
4169
421
4023
8178
6589
6158
5635
1727
2222
710
8046
1286
7439
9405
423
6937
4988
4628
498
5286
9070
4620
1755
4111
2281
7232
5540
609
5022
8197
8269
8546
7073
6346
7906
2057
2961
6025
2558
2592
6550
5937
8605
6402
8465
5565
7752
3078
8524
4310
4842
9817
1866
6342
8933
2016
9505
7739
2603
1868
3112
1097
1912
3091
4277
1355
7187
2418
3182
6010
955
9818
9061
5717
4705
1017
4383
7839
2516
2524
9298
146
3072
2494
1951
5140
670
7946
5492
5131
9979
8696
9707
7263
2230
7227
5866
8071
505
6741
5532
637
6472
5737
3389
1494
1541
4886
5334
6210
398
5253
2550
8254
6022
9517
4371
8765
5778
3538
7434
6003
8198
5446
2640
2412
6791
50
4134
8385
4202
7636
2400
9052
3953
681
7342
4946
9710
9710
527
7848
7667
50
3087
7899
8697
154
5522
1161
7913
3264
2060
3825
7431
8467
9817
6946
1060
5101
8894
7527
2633
8722
5439
1029
9769
4310
1672
5996
1953
3233
6834
7754
905
3885
1317
9587
7960
9218
6654
9543
3904
6245
3723
1305
4103
3190
9111
8434
8792
6349
1755
9483
7095
3576
6902
567
2843
12
3290
9352
2925
6823
6212
1732
6182
7683
9641
5080
8431
7086
9319
6717
8889
9735
5573
2861
5937
2572
5132
8242
6645
7153
9535
7890
7476
9128
7060
608
3822
9532
7589
1556
840
2958
4867
2056
492
8294
447
6614
3132
8209
1831
8521
2780
1194
1893
6601
6761
2679
2533
2018
1745
394
3692
6575
4423
9183
3507
325
5140
132
5442
5408
3689
8680
2624
2271
1372
90
1921
1748
3719
8766
5375
519
854
927
5452
2643
5515
8233
7458
1411
9777
397
823
73
3726
4658
2581
6901
8244
8078
27
1629
4181
5042
7891
428
7541
3129
7381
7590
1256
1762
3475
5226
5286
1831
1553
9299
7629
5282
3434
8061
679
9592
5747
6385
2045
9479
8926
1918
3736
4019
6586
7252
9894
327
1888
7127
5479
9752
5382
9398
2930
483
8490
7207
5425
736
5242
3358
6221
1912
2233
2264
5690
1160
5425
5119
288
2437
1323
1479
5071
1474
4089
7532
8202
6042
3048
489
6306
916
7083
1643
3796
6247
6328
5121
9243
8136
2965
571
5083
2688
978
5381
3887
8519
4392
7225
9766
6344
5874
3573
7461
7876
5628
7378
7566
8608
6806
9538
3394
9963
7737
9476
7212
8381
1059
8253
9956
6307
7993
231
4751
9261
9648
4955
9697
3265
6684
2899
3675
7745
9526
9523
1288
6361
9773
5535
9967
1054
5093
4683
3558
878
4819
8216
3759
2542
4626
8136
6748
8588
7459
4723
6068
3601
5690
4571
8229
4282
1293
60
8821
8243
9345
7327
2489
4044
4565
2665
7218
7634
961
2538
8680
5130
6437
8915
3554
8210
3793
5555
3759
5341
5961
2340
6347
3446
3184
9093
2032
2426
8206
7277
4161
5147
8547
3852
5603
3004
9166
1966
5950
96
8900
8336
1261
7187
728
7591
993
350
8591
447
4419
1668
178
1702
3092
1243
5710
9940
3978
4734
4534
4475
9334
1492
853
7892
1002
5874
7718
1739
2419
6291
7450
81
9256
5621
1434
2288
3476
7332
6662
6296
5292
959
1652
5336
1525
9654
2503
4116
5723
1760
7732
4497
7010
6001
1559
2940
5743
6978
2128
5048
2193
1356
2841
4498
1106
702
6724
5370
8328
5591
4719
5511
2117
4463
17
6106
9512
391
304
927
5904
6055
2266
7803
2018
1159
2962
7252
5799
5701
1346
6905
9996
6128
1242
791
9566
2189
9984
7700
8444
4773
9214
6818
7441
9402
6497
8247
8593
6719
6782
1440
3174
425
202
4344
9784
6829
895
914
4824
1402
6636
2882
8486
1432
3494
3569
8890
9047
9273
5592
5713
2682
6141
5495
8766
5692
6213
7359
3218
2621
218
5485
8193
1283
2555
2813
1851
6075
4471
2049
488
9218
1551
1947
5316
2064
5461
5506
7427
135
997
2267
2124
4640
7592
2069
237
6964
9179
9333
8232
6461
4327
3234
8176
3214
4024
4108
7993
1330
5826
1004
1824
360
3201
8047
6927
7065
1184
9359
9952
6292
2689
4746
6789
969
1800
3069
6724
9677
6291
3771
993
1321
4766
6781
3007
8448
3817
2189
858
8692
7129
9326
4008
8102
9015
1959
2557
153
2253
8298
7127
1352
8812
6244
5158
5085
7574
829
2710
6169
7739
2514
9813
6312
4067
3795
9275
1790
2864
5254
9057
4191
9288
9404
6385
3218
470
8836
6386
9495
3568
7771
14
4884
6736
1798
1757
4423
7581
7480
7357
57
3444
7749
1254
981
3567
2806
9121
1328
1861
231
3802
9062
4253
8574
340
5089
6573
3522
8480
3607
7815
9806
1334
1687
4162
1325
3489
737
7751
3494
9700
2530
7979
2879
108
9506
7678
7595
6043
1133
7790
7138
3385
8268
7449
7184
3757
2154
2350
7954
7800
1833
769
5428
7161
4459
2160
137
3814
2213
270
8162
787
9754
1077
8952
2417
5660
9978
9931
1761
5451
2449
9470
6577
2732
3516
7505
5310
5286
7109
5190
5713
1599
8097
9274
665
5193
1098
4692
9178
378
3769
1767
4652
3928
9828
7709
3197
2493
6125
2378
7272
5207
9168
8539
5444
5679
5843
3425
2092
5153
717
5589
8979
8721
8123
9897
3710
8728
1719
1214
2709
7205
217
3171
7277
8809
6664
3332
9095
6534
3571
7341
5136
2800
356
7124
7686
9245
7998
5005
2319
7155
5475
891
6832
9960
9856
6735
8981
4062
7303
5262
2088
6087
9848
2136
2327
7901
6073
2794
3329
5769
1842
1560
3603
6951
1942
1390
2013
3779
7070
744
4109
6556
3522
8434
4367
5887
9188
4434
1376
9703
9138
3025
7025
3836
219
7585
3269
1441
6359
3563
6334
420
3834
1172
4743
8196
8806
8372
5790
6171
3319
522
8235
2925
9830
4997
3733
10000
2348
8555
5174
8513
5396
5336
6460
2972
5192
5742
7548
6694
8007
6212
6623
3407
4948
7812
5284
5238
1743
1382
6786
1192
6491
61
85
5335
7615
9513
9763
213
870
6379
5545
9984
1399
8483
2121
7042
6296
8729
3792
1619
2640
4779
2589
6409
8197
9784
8151
7476
2272
4864
7128
6127
5742
117
4179
6189
4775
9208
6708
4811
1544
7188
9046
744
6403
4202
133
2091
6605
5424
7325
8159
4038
2302
558
7392
1887
1823
7780
6263
7350
6649
3932
146
5081
3749
3123
9251
6688
178
8504
3890
7168
2828
6638
9447
5916
1039
6194
8495
5295
7841
6642
5444
3184
4862
7397
735
6609
6652
2668
349
2871
7389
732
6613
40
6923
4400
6273
478
9975
4836
3847
7112
3307
7178
1609
2908
5226
6761
4389
5197
8517
8522
7780
8559
7953
6768
2323
2477
2128
5188
2270
4986
4028
3599
6495
1139
2794
2491
2800
7531
789
2393
700
5066
2354
294
4179
9263
4653
3875
126
4964
9700
5840
8217
8866
5849
3391
5601
9475
6879
2417
70
94
6476
4482
8305
4208
5904
4124
9763
6475
6461
9927
4959
8921
4322
445
9460
6675
9922
2933
8619
9382
9025
1324
3931
5094
3123
6043
3337
7473
9371
4864
7462
4818
4194
8236
1589
7710
9691
6153
5394
9338
2068
5483
4551
7501
2211
1942
6857
300
4308
70
8278
6016
2769
8537
7635
2861
1385
9049
5846
7758
5012
1137
5572
7663
4221
2763
8564
1400
5542
5549
2269
228
4897
2493
4943
1067
754
1385
8676
67
232
2114
9049
4604
7928
4510
2531
2412
6461
6569
5503
7741
9408
5480
8408
8389
2363
4571
3371
8860
2374
1999
4638
6916
6418
2690
6978
6876
5094
9208
5237
9904
2268
7538
9237
5474
3385
4231
1756
7263
2865
7983
8753
9043
9500
4645
7033
1130
1261
1117
1362
6759
4898
5304
4239
220
6620
534
3731
6757
2035
2037
3072
14
1279
5068
8128
5439
5319
9870
796
8804
7614
354
4294
9964
3312
3347
6525
2407
3054
2558
6842
8589
4658
2572
8176
9560
9282
8734
5657
6211
8606
3648
2598
5313
8493
7394
2391
6582
5880
9261
3599
9266
1611
5372
1259
3376
9101
1285
9207
2730
7422
8095
961
768
6154
6832
5404
2879
53
1230
3435
531
4539
2707
7977
7589
8582
3226
9454
5446
7192
6944
2496
2288
5332
5744
1588
6566
4126
4284
8257
2191
1084
2090
8062
3803
5038
9502
4578
8456
1423
2014
3703
4258
7109
9483
7539
8193
5613
5329
3959
2133
4819
5460
1261
8467
8406
5322
3750
3397
4186
8751
498
355
1212
7619
1768
6544
7282
1134
4463
6400
7285
7207
119
2682
5818
793
7780
4532
1199
194
6049
3600
8254
3938
9940
8440
5329
4027
9872
1830
3000
7110
7904
463
3686
592
2453
8319
6763
4043
5476
1545
697
5502
1231
5371
6889
3095
6475
7857
3885
393
447
3254
8106
497
2320
5357
3136
4409
8923
3999
187
1307
4194
3684
1116
4282
3668
6075
6766
3720
4249
7661
9451
6637
1329
177
6539
7898
2861
6603
5529
130
9535
6605
4892
6269
3294
8688
2801
5013
2703
4029
4999
7862
9474
6033
8412
4819
9601
3729
3635
3723
2351
1007
8871
4511
516
9333
1775
8354
5035
8263
2863
4067
6969
4791
4560
302
2043
8283
8721
1255
7101
9930
7550
4006
6735
7575
7117
8110
5328
6583
559
7715
6433
7502
5913
1512
2132
1770
4173
55
8454
106
4390
985
8808
4419
2610
5936
7374
3230
6982
7466
1884
1405
4113
4308
3628
8823
4971
4057
7668
5219
117
9529
7544
5642
7689
5721
3030
8246
3177
8352
8958
4536
5064
6997
3284
3508
4891
3623
5346
5865
1575
629
8416
9098
9780
1739
6820
847
2778
6534
6683
4098
1205
3105
4564
7419
8612
636
5041
5031
3073
5217
6439
3635
6859
2567
7850
6994
1643
4454
1024
4621
4678
3968
2366
9769
9771
4298
8737
7463
9057
3049
2681
8775
930
2747
8011
3433
7096
7890
7478
9709
8415
4980
9770
9019
8566
6518
6381
60
3223
3184
3904
2277
1062
8979
5147
9169
8560
1251
4520
6520
8493
9252
4403
7730
1406
7866
3952
7652
5599
8696
6939
4214
1790
2201
7959
3555
1298
2357
9775
8675
4950
2343
4564
5101
719
40
1433
1874
3906
972
1022
7398
7677
707
6113
8211
37
2660
4201
6153
5378
5739
3140
6358
4522
7106
6651
5160
3812
6341
261
9127
6062
3641
4410
2003
6636
7430
1976
6275
2490
9133
1735
2792
7455
7554
1284
1354
5314
5050
4836
3743
7645
4437
3438
5524
5908
703
1099
8762
804
3331
7595
6539
6010
9793
9152
3808
7940
5888
8728
8872
8419
3499
464
5776
2845
2285
2289
7140
5580
486
9669
8440
2091
6421
7622
5582
6917
869
9295
4953
6290
4158
7359
9238
6945
6718
5906
7018
7120
584
156
6774
1205
1738
3789
2711
9095
20
8278
5557
9800
8533
5733
4433
9310
9278
5693
4179
2126
3734
5983
5295
4962
5565
5436
4215
8899
6083
7555
8035
6104
7117
9906
1151
6462
8576
4000
98
8608
8468
4336
6612
9000
8190
2176
2558
6736
5682
279
8855
8702
2604
3049
5302
1171
2849
9511
3893
1126
6446
3130
545
2776
4762
8125
2369
7317
318
5723
3173
8847
6628
3786
5917
8258
8080
6376
3504
6438
8580
7259
6891
7364
318
2522
5193
759
2460
4905
6695
8896
6300
7873
3817
5030
5181
6484
8443
7256
4388
1570
6424
3569
1183
9031
3611
348
8493
7738
1058
8851
6327
2094
3461
7768
589
3103
8945
5501
635
3612
64
1269
4919
9479
4538
7129
8433
9642
2813
8919
7711
2404
2045
5076
1413
2572
3471
2046
2882
4993
8698
2541
1620
9365
6009
8105
8169
2420
489
9541
4940
8256
1531
8985
8877
8608
48
7708
6844
7938
1281
2736
9744
3429
5947
6017
9272
6087
2420
3749
8793
2110
2662
4667
730
6423
1523
9460
2805
5351
6608
2941
9331
5456
8706
3160
7209
7008
2899
7761
3970
1534
2474
6099
2598
8160
5581
4531
7352
8586
5640
702
8392
976
4421
7837
5947
9703
8486
7362
9341
4063
454
3907
6408
5415
1395
480
3374
3616
9358
308
9017
3983
5143
9286
3530
7002
4425
7236
6274
1213
8268
2964
7844
9836
1522
4280
5011
8794
1913
6974
4550
4827
7806
6673
8730
9545
6711
9351
6278
8071
2401
6114
2538
4334
8276
456
8508
962
3612
7079
830
8731
3802
2754
9632
8829
5298
4079
7953
2512
6919
7330
3165
308
9040
8270
6236
5223
6365
958
6055
3528
3498
7345
4687
4350
5481
7586
8893
9360
3816
6326
9027
9203
1860
1983
9922
7722
337
5323
4378
3871
8168
9475
3424
269
9522
3336
7001
4035
3044
9760
6087
453
1291
8858
317
7231
1980
2019
6558
7325
6454
5968
4174
783
8038
7522
2933
7958
9913
4726
8181
8635
9385
7449
2787
7203
5716
5908
8280
788
4048
9727
6251
5273
6759
1380
8859
9714
3075
4622
8724
418
6192
7729
2046
6859
7860
3258
6054
2527
1216
1392
2492
6106
1505
6490
3040
3456
4467
8214
4643
4913
9526
4597
8691
784
1569
257
3929
754
2969
3802
6941
5532
1124
7553
1988
1673
8590
1210
3550
2844
6377
8847
9555
8796
9616
3946
2775
5520
3269
9492
1450
1318
6250
6442
202
2513
4376
5491
9084
9818
8247
7713
9363
8540
534
1250
7404
5182
2445
9497
273
6498
4042
4215
6151
4359
9333
1763
810
678
8293
4660
4261
1393
390
3334
8231
6002
7447
3940
6310
6099
3443
2489
7274
2655
799
1525
9378
2794
7333
5282
3552
191
1320
7752
1346
149
4795
8133
6097
552
5921
6170
1616
2412
5701
2224
8874
5514
385
1649
6457
7258
8446
5140
8144
8300
9484
2104
9447
3825
2352
3045
6890
9101
3344
6255
4225
3745
8580
5920
3967
7925
574
389
1460
2236
9733
8176
1312
1699
3385
9885
3492
9534
1882
6060
146
3303
26
7257
2118
9599
9040
9210
6185
3292
8304
521
5288
8549
990
1005
3831
9079
8856
8607
4111
5231
5062
5594
1221
680
4054
6933
4635
6632
35
2044
4616
1941
2697
2027
7050
3621
1790
9879
7169
4232
5502
8259
3982
7234
126
6433
4211
9300
6365
496
2523
6656
3858
7069
5126
8833
7073
1012
4888
6193
5361
6259
6725
8089
6271
8803
6443
5615
1673
5297
226
1684
8656
4569
1500
7044
6326
6379
6663
9058
6358
8220
575
3335
7706
3487
1162
5735
3976
6408
1928
2856
945
108
6152
5585
9265
2793
7858
9291
8728
2832
4678
7926
4318
7664
1595
5960
3380
4590
6368
915
4958
2404
2011
3747
7060
8734
7132
8393
7411
7711
7778
1320
5715
4104
4315
8856
8443
5011
7371
5383
5267
3601
9261
9835
654
8078
4037
4602
3085
3007
562
7395
6788
8041
1718
9450
9251
3051
8734
548
7017
5442
5492
6409
4066
7426
9093
924
9090
2637
3076
5948
7225
4633
9151
2759
2306
1653
6062
4084
296
8807
3639
3765
3948
4900
3525
2408
2789
4735
1677
6962
5111
5427
3572
788
3548
8509
9043
2961
7578
1376
3584
8296
9967
1170
4119
738
4019
8929
7442
8555
2666
2533
9124
1210
6895
4179
7875
5894
1551
7955
2967
2525
6024
2410
8498
187
1734
2977
3619
9538
7323
2752
8227
4409
7235
2009
833
1165
3378
3920
8209
9367
9081
9138
5601
7095
4836
3446
9650
1786
8942
758
7844
5602
5886
6027
7652
5273
6013
5221
2911
2533
4763
7042
4687
8927
1101
9460
9027
7805
6536
1932
6829
2057
9367
2848
2606
7017
4350
1690
128
1613
2861
5716
8455
3303
3028
8574
758
9344
8499
588
1406
5825
4491
957
2790
917
6283
3650
5742
9142
961
4274
5879
2848
5190
8567
963
1657
6178
6622
6193
611
2903
4381
7873
8477
5741
7102
2088
6713
7843
2139
4790
5374
4803
5248
2567
4756
1314
2769
2942
4860
5317
8841
6606
6716
5027
2503
5646
7206
3708
8611
8206
2336
1493
4487
4635
6240
9537
4030
3118
6241
1708
8725
450
5445
2671
3928
8502
1472
7896
7352
9844
907
3686
3360
1834
9834
6091
1887
9913
8910
1437
9268
4628
4851
4484
1637
9319
3696
8201
838
7568
7675
5311
1564
7299
3386
7723
4013
3257
1046
8978
9233
3700
3181
2711
6239
2823
6815
1530
9730
9649
4559
631
1830
6136
5216
1286
8607
327
6045
1262
2868
9649
4129
1629
9791
1915
1401
1591
4709
8314
1186
4668
249
9086
4645
4226
3939
4218
6424
6183
8269
3699
4902
3565
860
929
9814
1255
4537
4941
5122
6214
6384
3659
2333
2742
6801
2679
8120
3178
5332
642
1077
3376
9682
9536
5351
3329
980
6108
8100
9040
4265
8393
6919
3613
3751
711
5687
787
1103
9118
9077
6074
5711
5368
2132
6529
3721
3033
9116
271
7198
2188
5928
9712
290
4832
7263
9174
554
4356
9724
600
2379
2771
5860
2528
7831
8382
5400
9901
635
6104
9100
9274
2474
8157
8743
4363
2163
139
6757
2919
6596
8838
9699
4893
1517
7957
2422
7907
5599
9398
6282
8902
7326
8937
2066
70
4761
5294
2255
9805
6490
6515
3950
9384
9697
6084
4568
2780
1118
9058
3693
4081
5822
2266
825
9452
9570
138
7839
3448
6703
4012
6125
2131
380
1154
3706
7673
4803
9167
7933
1978
4520
4046
2162
2630
4473
607
5705
3294
3716
6778
6442
3519
7089
9094
9645
2559
4842
3758
6552
8888
7102
269
8774
9665
2789
7196
9164
1362
6290
116
6373
1469
809
9006
7867
3094
4377
1724
3830
4796
1173
4063
6384
287
595
5558
9946
5257
5864
1910
3281
3860
1431
5059
3715
3333
1698
2234
7387
2416
6884
1900
2804
8995
1107
2038
3327
8405
1568
280
4284
374
9097
6134
5370
2972
2815
7479
2316
4679
4968
5849
7645
8963
3788
9777
6779
3579
5968
2684
2332
7924
5044
9046
40
2361
5027
750
7572
5862
916
8679
615
4084
5415
6193
2057
3571
1763
7545
3712
2651
7803
2908
1302
6078
6714
987
3943
3513
4033
3519
4918
6997
8659
9182
6812
1129
9251
7366
3959
7895
9325
5080
9803
4143
346
6564
1535
1344
3223
3050
4590
4892
7177
775
9115
7358
551
161
2423
6157
5758
8561
9880
306
1364
3061
3777
3610
1585
8097
5275
8572
1777
3088
1431
8690
7809
4601
7465
8964
1472
7839
9202
2967
9927
8202
319
888
2185
6116
7645
2625
330
5060
528
3912
1466
8171
9845
909
8741
1624
9008
8304
3538
1299
5673
5527
220
6677
723
3243
2896
391
1724
179
4905
2271
3832
2498
4601
4519
4641
2957
1133
5583
3794
3903
460
198
9218
1125
5170
3560
5424
2301
6606
9067
2895
511
8469
1586
8763
8459
1577
5266
7432
4263
5754
7935
1558
685
7557
1003
3271
2055
9333
2443
5597
9614
7251
178
3417
5380
2134
4088
8160
6526
5074
1701
3786
2068
4219
982
7147
5635
3601
4717
8351
4504
4613
8016
5600
8156
3145
6022
3442
6603
175
8051
3334
4631
8559
7116
8259
6701
5138
9587
9869
4482
9831
4186
1658
4954
3913
2460
6305
5295
3525
3387
764
3514
4397
5429
8843
4594
5324
5496
1950
2676
140
446
4553
4875
9702
188
9393
8647
4376
1130
2753
5608
1068
2284
7988
5577
1892
6085
3968
945
4222
5689
8971
5108
2321
6621
4281
5600
2688
6268
6611
4520
5202
728
8256
7964
5799
3352
4921
1128
970
3538
86
2575
8244
6002
6800
1937
5134
495
1875
7758
7942
6777
1669
3768
8583
3278
8074
9893
319
2518
491
4385
9541
9555
6564
635
8251
6024
9782
4627
5304
9677
6573
3459
233
8140
9306
4881
3404
4272
1325
1355
2702
6227
2777
7276
55
6856
4877
123
5483
1326
3831
2981
4909
1755
5349
1805
2711
1419
3528
6133
8443
5575
7636
3734
9782
9617
3291
9195
9037
5702
9440
9304
9320
3748
4917
4126
4906
4640
4425
507
7832
297
5168
1891
339
9568
6587
8121
6168
3981
1762
2372
8314
2030
2876
5854
9403
2353
7501
2712
2543
6766
6629
5190
9822
427
5911
5212
5567
3981
6059
5901
1804
9853
3268
9046
5317
4089
3945
9659
1887
6251
4722
4959
1691
2052
7226
2773
6530
306
7569
6718
6449
2677
6533
1623
4109
9565
7
1216
8567
157
6245
4348
1497
9546
2793
9104
4452
7620
9051
4707
7912
9316
6106
9476
7846
8733
4862
7708
532
4260
3858
9919
2658
9467
244
6086
4732
3911
8080
4170
5398
991
7433
1922
4972
7513
8780
6969
6860
2037
579
5323
301
5523
6858
915
4498
3031
4614
8272
7853
5604
5601
6609
708
8331
1661
4855
448
1764
1240
4473
5467
2546
2307
8100
7650
682
2036
9116
546
8435
1221
9453
3830
275
3346
1120
8490
9587
1951
3033
1600
7692
6438
3652
6237
45
7889
7226
8280
5035
8885
165
5611
6242
7753
5568
2085
8865
5235
4728
6516
8187
7334
5332
6823
3966
7558
6905
7970
357
6096
1396
4824
1062
1468
4261
9468
4255
3673
9110
7917
1067
8634
8387
2014
8137
5691
5128
7729
3106
7829
6763
5638
9164
5967
8109
68
8272
9433
8848
1721
8657
4269
2173
9915
880
754
7944
146
5931
4920
5709
3983
7290
2905
9302
9030
1293
9062
7236
123
8321
8504
9362
3257
608
7107
1050
5727
4640
6859
474
8816
5056
5729
345
3174
5386
6066
4376
2320
5168
6696
2471
9157
4411
3040
2618
3017
6426
4068
3287
9610
7920
7457
7291
7939
6219
4705
3005
8118
5228
3740
9581
3550
5060
4603
5623
1696
4724
7347
2878
5024
4623
8244
1197
3773
1082
8240
9331
9361
563
4966
2495
1665
3291
9325
2218
90
2024
5372
6613
648
887
8994
4915
2515
4002
3594
2203
8636
9473
2679
3274
9572
5847
7794
6702
7991
156
1708
9763
8546
7115
3596
2785
3108
8475
859
7649
2408
451
4752
9577
5230
4591
1233
9811
2319
4895
1330
6342
9558
6751
5411
273
1741
6121
1481
3381
9918
5588
2424
2319
7769
8301
8207
9791
8623
4854
1511
6513
1041
6432
2286
9991
6046
7508
9352
5933
4965
9094
8675
6458
4435
9234
2126
4872
856
8923
5280
1773
6345
251
8360
2021
3292
8667
6345
2374
7179
590
62
9456
2358
1336
565
5767
2107
9718
8422
4710
5637
7903
2757
7940
9598
8067
8780
5070
8714
988
983
1873
2046
9700
176
4636
600
3630
7017
6619
3129
8026
4419
3881
3721
5440
4788
7717
2208
9415
1
1035
7944
6330
4399
7264
7065
7933
2009
2959
7918
1273
5656
1854
9927
2746
8412
4822
9603
2405
8035
5655
5848
5310
3044
4467
1084
5654
5931
3482
7536
7434
7219
6420
4648
4465
1750
9107
9657
4981
1790
9641
9911
1659
3453
8304
7294
5319
5714
7339
5147
3504
1788
6622
5914
3050
5941
1979
1733
1038
9309
7389
7071
5092
1063
619
5620
7705
4379
8206
6294
1988
813
2342
6536
1186
3396
7306
1975
5699
2456
8901
1372
1755
1162
4431
8326
3811
5685
4523
5017
5776
1870
8371
7962
7528
2649
1802
1755
9333
9572
1279
6768
6844
6874
5342
1738
7620
3189
3076
8183
9786
3278
7135
1135
3367
755
3929
5217
4105
7943
4831
6137
725
5135
6488
7750
1143
1640
9624
102
3175
8729
577
2559
8230
3968
2528
1743
6617
3323
6997
7788
6393
4189
8480
4410
2241
110
6707
1717
9251
1402
6489
306
2440
5784
3177
2043
5803
4368
139
7801
2816
305
4612
1256
1640
8485
9145
8438
2623
8795
9249
7869
166
9851
8776
7710
6566
3042
1756
1525
8912
5800
2228
8589
2226
3989
2423
4934
1975
8532
5829
5787
168
6469
9127
6559
7484
3225
7072
9968
6434
8709
2251
7403
979
7882
8544
8008
1854
5437
6608
7045
397
2364
6938
3260
6267
1871
2141
6953
383
4041
9472
4133
8832
8319
7139
5806
190
9562
294
2270
6067
4786
4867
1425
1867
155
6893
6507
4363
6072
6642
9638
5432
4721
2349
4820
8067
6396
3614
240
4904
9610
4821
7476
2474
7945
4456
9067
3968
6467
5737
4481
7653
3737
6939
1361
4453
3068
352
8444
7241
5502
8209
2987
4682
9689
5191
1435
4897
1429
8487
4837
2111
2221
5006
613
3383
65
9656
1659
706
935
7950
4845
3376
1705
6110
1774
2388
6815
3391
9331
4163
7649
1312
2300
3300
9207
5389
6996
6320
3405
3220
484
6514
5038
2910
6685
3790
9047
7790
3939
3747
4258
2216
4906
2150
5345
4419
9335
8997
4530
2695
6581
2671
5390
3627
3263
2777
9089
9809
1914
4765
7995
1226
4637
7624
7710
9228
6530
9434
8950
8313
61
8515
7758
25
9380
6565
5375
7563
2685
9706
4486
910
9509
3882
9055
598
6430
8097
874
312
9267
1300
5636
6500
1624
5807
3423
3729
7245
5487
5648
6557
5508
3522
1035
9664
5666
6385
3502
3728
1561
3420
4448
8434
6068
9329
5340
1343
2083
2773
7256
1011
4384
4840
4757
2797
4530
8954
3375
7406
2722
4180
5359
149
8838
4331
6652
6870
9849
2430
1813
9713
1038
1010
4826
9544
3779
858
2714
6470
413
1213
3641
6681
291
8435
5131
551
7546
9036
2974
3631
9010
8157
8351
1418
5315
4282
9168
2042
5339
1709
7701
2604
4296
9091
7057
9368
7354
9743
3142
8607
3899
7297
8454
9351
7057
1497
577
9083
3644
8551
5211
5214
2126
7350
3351
6455
4284
1521
7891
637
4593
49
4333
4964
4690
6951
760
7389
5784
7876
5334
3955
8394
5405
8729
8570
630
5153
3516
4015
4919
6073
8223
1837
4805
6749
9732
5226
5550
4053
9397
8360
6379
105
907
638
4428
4766
7221
6460
4276
4657
9123
108
543
6100
8310
7711
7867
3456
5602
1263
7168
6754
3767
2584
1809
917
4638
1188
4297
1407
5893
1649
2445
6313
8106
6931
4457
2052
2764
3813
1046
7036
2216
4171
480
1240
7915
655
4399
8091
8813
374
9283
7155
3156
8912
5450
1219
8548
1788
4708
1887
3409
5929
6737
4334
9261
2374
142
3598
8400
3829
3425
6858
7140
3582
483
2434
3924
231
9344
1686
7079
1512
188
8775
438
4633
3219
2481
8403
5847
8422
5204
6562
4722
3125
3516
8468
8166
7468
9555
3523
1030
2807
2108
4175
918
60
3218
4364
5225
8219
8945
4958
8385
1719
1154
8058
2296
4342
2008
743
4967
6798
5379
8560
2148
6832
5465
5519
8983
633
4743
7646
3120
7747
3642
6530
2835
1754
6670
4718
4779
3019
3060
5483
496
2600
1100
677
5887
9145
1687
9490
5154
580
8426
7115
2792
8765
374
2159
172
9454
5967
2933
2618
6390
7697
1548
7948
1784
3830
1949
5886
2984
6279
5884
3371
6743
515
3143
8127
2976
6886
7641
8405
5215
82
4435
8885
2274
1064
9289
9352
8634
2846
9554
8068
9627
1511
7862
2261
3428
6948
8174
7338
8203
1566
5255
730
3269
5688
3082
9317
9254
7296
4140
7735
3343
6849
6506
9087
7680
6825
6373
450
4421
9938
2024
4066
1020
2069
6949
8464
9735
5383
333
7180
7306
4419
1985
2424
270
5995
3569
9986
6760
7995
8021
2179
4012
8012
9914
8047
6697
8015
3780
5980
8332
9687
1965
414
1105
1244
9470
5987
1307
4360
5815
4295
5953
5313
7513
8423
1091
2228
116
136
1166
5576
6269
6295
6649
8325
4687
7035
5769
289
5786
166
8723
8649
4712
6146
3528
6450
8732
2634
8171
9190
8960
904
3582
5133
539
7637
2938
3988
4102
6289
7667
5109
9844
4606
9512
4964
9625
1042
9508
1003
9062
4290
8639
949
5129
1434
5324
2713
4119
7980
534
6673
3719
5722
166
8398
9071
567
3365
1799
2242
6838
3683
1725
4806
5674
5963
8993
7483
3788
2646
349
2982
7479
4244
8821
8872
1701
4158
9223
9457
1864
676
34
3577
476
2967
274
1342
5110
4536
6554
4895
3967
4786
7723
7570
2520
8415
9420
5206
3843
3987
7339
231
9318
6245
4019
4911
1872
3934
9943
8491
3521
4741
9205
3603
3030
5735
1824
8871
2150
9521
61
3181
1250
7872
3135
586
6087
1001
5833
4253
6393
1844
3064
8574
6191
7590
700
214
9993
1688
7963
5001
4477
9467
3057
7799
3216
1445
387
9230
2203
987
3996
1776
2496
8477
951
363
7690
6995
6709
7416
5535
29
2647
654
4662
5098
4612
4557
8046
7228
7060
7352
7078
3331
773
10
3941
409
3898
1226
8728
7383
3986
2526
1902
6786
8071
942
5566
1738
1136
687
8259
4999
5490
6170
7992
204
3729
1672
7585
711
7754
125
6184
8200
4491
4378
4898
7121
8963
1896
4356
8107
1712
6302
2651
3883
4108
8784
2287
2615
6009
3738
2773
1627
4917
9553
9526
7290
8986
5051
306
7985
8313
2956
2506
3532
1915
6819
7997
2771
3011
3305
5502
7508
5947
8364
7095
8033
2745
2654
8470
8642
9702
7470
2053
794
9077
6464
1880
4661
9527
6625
1490
5023
6216
8687
6334
8984
9272
347
1782
1673
2593
6977
4793
5611
3224
4784
9801
6233
506
7489
3249
9935
14
3820
255
1679
5562
2743
6335
6642
9641
9126
9299
6543
1622
829
1131
3110
4201
9183
3126
230
7832
7839
4865
964
5905
6098
9303
1418
5048
2820
9060
1306
6285
3963
308
9948
7892
1934
8688
7397
4889
6286
667
16
6316
8396
9467
4105
9205
863
1011
8561
8258
110
5610
1657
5763
5931
7533
6428
8476
6879
3968
4633
1404
2733
9315
7791
1389
2826
6984
3652
1692
2211
407
4157
7956
3553
650
5818
5686
9412
5310
3645
1776
1810
6624
9392
1556
7067
2043
931
3857
8964
988
1468
2159
4243
2252
2291
7402
4569
2554
5081
2635
8375
7021
6503
3963
7194
2584
5768
6170
3768
7901
5807
4603
7231
5770
493
7906
9485
243
2085
7061
3846
3762
9752
6532
3460
6370
7495
3578
2554
8304
1220
1549
6602
1654
6469
7938
6624
1815
432
9098
1553
4204
118
2786
3530
3776
7067
6645
571
1714
6297
5369
7725
6041
2213
6683
2687
1381
1450
7175
1368
6658
7925
1268
6428
3690
2582
1633
199
6511
9323
9754
3289
4509
5782
1850
3521
7497
4451
1629
7318
7010
8708
3308
3159
470
2176
7683
2089
643
5194
2532
2274
9126
5911
2520
4053
4715
2421
8338
4686
6724
8367