609
187
436
336
623
771
815
466
785
457
270
297
265
419
885
209
847
58
461
154
68
126
981
950
707
688
65
916
702
710
912
900
8
243
8
978
346
712
805
109
351
30
129
955
423
159
275
260
75
225
951
51
656
467
43
503
516
809
67
994
337
527
350
822
794
439
677
585
722
256
305
678
242
852
551
736
770
795
694
97
359
872
804
766
203
923
262
627
318
672
529
64
269
332
652
753
361
454
917
9
360
329
53
459
640
96
525
82
126
60
558
380
789
666
404
825
149
316
821
588
831
127
132
688
597
195
443
73
481
892
619
174
16
87
526
393
454
820
447
217
1000
502
141
325
847
720
567
754
596
407
748
456
33
77
374
312
736
431
689
945
924
686
164
798
134
800
294
160
943
789
938
871
456
546
321
766
446
645
283
133
446
648
262
610
951
126
93
710
472
322
428
12
499
995
298
997
107
840
877
24
646
528
93
355
358
18
443
55
109
164
296
172
307
860
302
269
568
463
816
654
141
847
945
891
978
597
843
919
54
354
855
742
115
118
732
6
946
589
963
294
928
765
954
352
53
434
598
644
592
250
126
600
704
237
582
695
288
523
243
626
160
4
845
871
662
490
933
462
871
727
193
665
285
628
538
46
225
39
948
182
431
181
645
272
292
215
973
815
628
380
231
633
252
857
555
368
957
444
949
693
94
541
903
460
935
105
161
801
219
898
365
88
625
547
3
581
111
720
608
323
468
895
473
5
147
703
6
171
736
203
333
608
856
440
177
718
109
354
985
10
454
665
109
300
638
404
315
30
21
38
67
442
165
590
763
877
916
248
652
525
113
398
46
535
660
594
261
358
884
5
470
262
409
183
184
151
674
146
213
208
311
736
692
76
43
713
859
803
905
556
86
374
252
905
703
811
169
841
847
503
415
319
713
486
327
161
18
293
850
753
64
864
644
242
158
549
639
942
900
374
109
823
970
916
929
339
533
809
758
399
367
689
874
656
157
929
501
710
863
845
861
917
23
125
273
259
363
745
357
764
134
529
790
12
446
975
862
430
488
279
452
654
498
394
97
887
159
486
989
817
220
923
166
8
431
976
607
871
264
295
985
5
414
206
30
972
496
660
362
216
250
440
520
733
444
123
307
611
602
138
10
838
190
715
388
267
374
584
804
973
696
781
218
221
433
758
386
270
553
403
374
736
109
840
410
294
257
604
707
44
149
209
997
420
324
504
392
58
293
119
81
59
683
22
933
467
285
400
106
231
973
357
847
290
279
486
689
734
491
611
386
336
453
458
999
682
246
832
658
467
515
695
282
247
792
843
666
742
968
777
631
536
370
126
240
147
502
213
680
245
185
927
52
234
752
760
818
180
734
106
852
443
202
732
193
527
32
173
721
837
524
956
219
267
196
875
94
656
54
462
832
643
298
403
865
523
236
247
216
856
984
362
564
141
192
981
849
192
664
232
380
770
186
99
722
987
878
595
347
301
71
873
140
180
843
627
648
631
348
863
146
802
483
866
786
883
303
897
485
710
179
545
648
714
953
325
888
528
71
53
677
716
363
996
604
816
206
297
681
943
720
61
724
242
821
644
120
235
443
745
178
445
530
950
864
601
6
453
250
330
603
161
834
88
860
779
564
252
175
284
900
907
114
38
166
173
280
746
575
958
134
771
935
793
991
324
673
764
466
186
928
410
595
435
788
13
622
807
422
866
569
565
125
923
56
666
933
599
691
279
823
35
867
850
769
412
132
35
842
63
851
54
945
824
660
493
30
372
274
736
421
651
264
391
51
219
859
138
270
599
135
762
331
995
110
591
815
361
102
481
482
279
589
183
89
510
810
574
641
37
131
37
847
824
558
697
791
110
373
795
369
680
850
437
404
939
642
107
778
591
168
953
814
733
321
529
757
484
47
301
641
358
848
634
831
801
280
103
884
648
7
384
34
972
816
799
335
394
60
457
621
927
392
577
84
807
912
879
635
12
201
115
473
958
791
561
662
923
279
184
433
74
531
788
702
545
708
790
114
82
159
699
61
141
763
380
909
450
273
44
73
81
136
163
173
227
162
538
236
831
593
93
23
215
928
256
458
707
678
32
110
496
850
780
328
791
654
24
467
588
986
761
746
598
35
581
890
37
360
655
187
99
923
703
433
287
449
652
786
351
170
962
910
150
868
701
558
829
409
229
41
984
576
63
462
119
567
571
870
348
604
452
651
264
817
403
861
837
31
403
204
353
942
193
569
830
43
989
354
17
377
505
232
514
236
521
516
465
676
200