10000
9999
9997
9996
9995
9995
9995
9993
9993
9992
9991
9990
9990
9989
9988
9986
9984
9984
9983
9982
9980
9979
9979
9978
9975
9972
9970
9970
9968
9967
9967
9967
9967
9967
9966
9965
9965
9964
9963
9963
9962
9960
9960
9960
9959
9958
9957
9956
9956
9954
9953
9952
9949
9948
9947
9947
9946
9944
9943
9941
9940
9940
9938
9937
9936
9935
9931
9931
9930
9927
9927
9927
9927
9924
9924
9922
9922
9922
9919
9918
9918
9915
9915
9914
9913
9913
9911
9906
9904
9902
9901
9899
9898
9898
9898
9898
9898
9897
9895
9894
9893
9890
9890
9887
9886
9886
9886
9885
9885
9882
9881
9881
9881
9881
9880
9880
9879
9879
9878
9874
9873
9872
9871
9870
9870
9869
9868
9867
9862
9858
9857
9857
9857
9856
9853
9852
9851
9849
9848
9846
9845
9845
9844
9844
9843
9842
9842
9842
9840
9836
9835
9834
9831
9830
9828
9828
9828
9828
9822
9818
9818
9817
9817
9816
9814
9813
9812
9811
9809
9808
9808
9806
9806
9805
9803
9803
9802
9801
9800
9799
9798
9795
9793
9793
9791
9791
9789
9789
9788
9787
9786
9785
9784
9784
9783
9783
9782
9782
9782
9781
9780
9780
9780
9777
9777
9777
9775
9774
9773
9773
9772
9771
9770
9769
9769
9769
9766
9766
9764
9763
9763
9763
9760
9754
9754
9754
9753
9753
9752
9752
9752
9751
9747
9744
9744
9743
9743
9743
9742
9740
9738
9737
9736
9735
9735
9733
9732
9731
9730
9730
9728
9728
9727
9727
9726
9725
9724
9721
9721
9720
9719
9718
9714
9714
9713
9712
9711
9710
9710
9710
9709
9708
9707
9707
9706
9705
9705
9703
9703
9703
9702
9702
9702
9700
9700
9700
9699
9697
9697
9697
9695
9695
9694
9694
9693
9692
9691
9689
9688
9687
9686
9685
9683
9682
9682
9680
9680
9679
9678
9677
9677
9675
9675
9674
9674
9673
9670
9670
9669
9669
9666
9665
9664
9664
9663
9660
9660
9659
9657
9657
9657
9657
9656
9654
9652
9652
9650
9649
9649
9649
9648
9645
9645
9644
9643
9642
9641
9641
9641
9641
9638
9637
9636
9635
9635
9632
9629
9628
9628
9627
9627
9625
9624
9618
9617
9616
9616
9616
9614
9610
9610
9607
9605
9603
9601
9601
9600
9599
9599
9598
9596
9595
9594
9593
9592
9592
9587
9587
9587
9587
9584
9583
9581
9578
9577
9576
9574
9574
9572
9572
9571
9570
9570
9570
9570
9568
9566
9565
9562
9562
9560
9558
9557
9557
9555
9555
9555
9554
9554
9553
9546
9545
9545
9544
9544
9543
9541
9541
9541
9540
9539
9539
9538
9538
9537
9537
9537
9536
9536
9535
9535
9534
9533
9532
9532
9532
9530
9529
9528
9527
9526
9526
9526
9526
9525
9525
9524
9523
9523
9522
9521
9521
9519
9517
9513
9512
9512
9511
9509
9509
9508
9506
9505
9503
9502
9502
9501
9501
9501
9500
9500
9499
9498
9497
9495
9493
9492
9490
9490
9490
9489
9487
9485
9484
9483
9483
9483
9481
9479
9479
9476
9476
9476
9475
9475
9474
9473
9472
9472
9471
9471
9470
9470
9470
9470
9468
9467
9467
9467
9467
9466
9464
9462
9460
9460
9460
9459
9459
9457
9457
9456
9456
9454
9454
9453
9452
9451
9451
9450
9450
9450
9447
9447
9446
9444
9443
9440
9440
9440
9435
9434
9434
9433
9433
9430
9429
9428
9428
9427
9427
9425
9425
9421
9420
9420
9420
9419
9418
9417
9415
9412
9412
9412
9412
9411
9410
9408
9408
9407
9406
9406
9405
9405
9405
9405
9404
9404
9403
9402
9402
9402
9402
9401
9398
9398
9397
9396
9396
9393
9392
9389
9388
9386
9385
9385
9384
9383
9383
9382
9380
9380
9380
9378
9375
9374
9374
9371
9371
9370
9368
9368
9368
9367
9367
9367
9366
9365
9363
9363
9363
9362
9362
9361
9360
9359
9359
9358
9357
9355
9354
9352
9352
9352
9352
9351
9351
9351
9347
9346
9345
9344
9344
9341
9341
9339
9338
9338
9337
9336
9335
9335
9334
9333
9333
9333
9333
9333
9333
9333
9332
9331
9331
9331
9331
9330
9329
9327
9326
9325
9325
9323
9321
9320
9319
9319
9318
9318
9318
9317
9317
9316
9315
9313
9311
9311
9310
9310
9309
9306
9304
9304
9303
9303
9302
9300
9300
9300
9299
9299
9298
9295
9291
9291
9289
9289
9288
9288
9286
9286
9283
9282
9282
9280
9280
9278
9278
9278
9275
9274
9274
9273
9273
9272
9272
9272
9270
9269
9269
9269
9268
9267
9266
9265
9265
9265
9265
9263
9263
9261
9261
9261
9261
9258
9256
9255
9254
9252
9252
9251
9251
9251
9251
9250
9249
9248
9248
9248
9245
9245
9245
9244
9244
9244
9243
9240
9240
9239
9239
9238
9238
9237
9234
9234
9233
9233
9232
9230
9229
9228
9224
9223
9223
9222
9222
9221
9221
9219
9218
9218
9218
9215
9214
9213
9213
9212
9212
9210
9208
9208
9207
9207
9207
9206
9205
9205
9204
9204
9203
9202
9201
9197
9195
9194
9190
9188
9187
9185
9183
9183
9182
9182
9179
9179
9178
9178
9176
9176
9174
9174
9174
9169
9168
9168
9168
9167
9167
9166
9165
9165
9164
9164
9164
9164
9161
9159
9157
9157
9156
9156
9156
9156
9152
9151
9148
9147
9146
9145
9145
9144
9142
9140
9139
9138
9138
9138
9137
9133
9133
9128
9128
9127
9127
9127
9126
9126
9126
9124
9123
9121
9121
9120
9118
9116
9116
9116
9115
9113
9111
9110
9108
9107
9107
9106
9106
9105
9105
9104
9102
9101
9101
9101
9101
9100
9098
9098
9097
9097
9096
9095
9095
9094
9094
9093
9093
9092
9091
9090
9090
9090
9089
9089
9088
9087
9087
9086
9085
9085
9084
9084
9083
9081
9081
9079
9077
9077
9074
9071
9071
9071
9070
9067
9067
9067
9065
9063
9063
9063
9062
9062
9062
9061
9060
9060
9058
9058
9057
9057
9057
9057
9055
9054
9054
9052
9051
9050
9049
9049
9048
9047
9047
9046
9046
9046
9043
9043
9043
9043
9042
9040
9040
9040
9040
9039
9037
9036
9036
9036
9035
9032
9032
9031
9030
9030
9027
9027
9027
9027
9025
9023
9022
9022
9021
9019
9017
9016
9016
9015
9015
9012
9010
9010
9008
9008
9007
9007
9006
9003
9003
9003
9001
9000
8999
8997
8997
8997
8997
8995
8995
8994
8994
8993
8992
8986
8986
8985
8985
8984
8983
8981
8980
8979
8979
8979
8978
8976
8976
8974
8971
8970
8970
8967
8964
8964
8963
8963
8961
8960
8958
8958
8955
8955
8955
8954
8953
8952
8951
8950
8947
8946
8946
8945
8945
8945
8942
8937
8937
8933
8929
8929
8927
8926
8923
8923
8923
8923
8921
8921
8920
8919
8915
8912
8912
8911
8910
8909
8906
8905
8905
8904
8903
8902
8902
8901
8901
8900
8899
8898
8896
8894
8893
8893
8892
8892
8890
8890
8889
8888
8888
8887
8885
8885
8882
8878
8877
8876
8875
8874
8872
8872
8871
8871
8871
8870
8869
8868
8868
8867
8866
8866
8865
8863
8863
8862
8860
8859
8859
8858
8858
8856
8856
8856
8856
8855
8854
8852
8851
8848
8847
8847
8844
8843
8843
8841
8840
8839
8838
8838
8837
8836
8836
8834
8833
8832
8829
8829
8828
8826
8826
8823
8823
8821
8821
8818
8816
8815
8813
8813
8812
8809
8809
8808
8808
8807
8806
8806
8805
8804
8803
8802
8801
8801
8801
8800
8800
8799
8797
8796
8795
8794
8793
8793
8792
8790
8788
8788
8788
8785
8784
8783
8783
8782
8780
8780
8780
8780
8779
8777
8776
8776
8776
8775
8775
8775
8775
8774
8772
8772
8770
8770
8770
8769
8769
8768
8766
8766
8766
8765
8765
8763
8762
8762
8762
8755
8753
8751
8751
8751
8747
8747
8747
8744
8743
8741
8741
8741
8739
8739
8739
8737
8736
8735
8734
8734
8734
8734
8733
8732
8731
8730
8730
8729
8729
8729
8729
8728
8728
8728
8728
8725
8724
8724
8723
8723
8722
8722
8721
8721
8721
8720
8719
8718
8714
8709
8709
8708
8708
8707
8706
8706
8704
8702
8701
8699
8698
8698
8698
8697
8696
8696
8696
8692
8692
8692
8691
8690
8688
8688
8687
8684
8683
8680
8680
8679
8676
8675
8675
8675
8675
8671
8668
8667
8666
8659
8657
8656
8655
8652
8649
8647
8647
8644
8643
8642
8642
8641
8640
8639
8639
8638
8636
8635
8634
8634
8634
8633
8630
8628
8625
8623
8620
8619
8617
8615
8614
8612
8612
8611
8611
8609
8608
8608
8608
8608
8607
8607
8607
8607
8606
8605
8603
8600
8600
8593
8591
8590
8589
8589
8589
8588
8588
8588
8586
8584
8583
8583
8582
8580
8580
8580
8580
8578
8577
8577
8576
8576
8574
8574
8574
8573
8572
8571
8570
8570
8569
8567
8567
8566
8565
8564
8563
8561
8561
8560
8560
8560
8559
8559
8559
8558
8558
8555
8555
8551
8549
8549
8548
8548
8547
8547
8546
8546
8546
8546
8545
8545
8544
8543
8543
8541
8540
8539
8539
8539
8537
8536
8536
8536
8533
8532
8531
8529
8525
8524
8522
8521
8520
8519
8518
8517
8517
8515
8515
8515
8513
8511
8509
8508
8507
8504
8504
8504
8504
8503
8502
8502
8499
8499
8498
8498
8497
8497
8495
8495
8494
8493
8493
8493
8493
8492
8491
8490
8490
8489
8487
8486
8486
8486
8486
8485
8484
8484
8483
8480
8480
8477
8477
8477
8476
8475
8475
8473
8473
8472
8471
8471
8470
8469
8468
8468
8467
8467
8465
8464
8461
8459
8456
8455
8454
8454
8454
8453
8453
8452
8452
8448
8448
8448
8447
8446
8446
8446
8445
8444
8444
8443
8443
8443
8443
8441
8440
8440
8440
8438
8435
8435
8435
8434
8434
8434
8433
8433
8431
8431
8426
8426
8426
8425
8423
8422
8422
8421
8421
8420
8419
8418
8417
8416
8416
8416
8415
8415
8414
8412
8412
8412
8411
8409
8408
8406
8406
8405
8405
8405
8404
8403
8402
8401
8400
8399
8398
8396
8394
8393
8393
8392
8392
8391
8391
8389
8388
8388
8387
8386
8385
8385
8384
8382
8381
8378
8375
8375
8372
8372
8372
8372
8371
8371
8369
8369
8368
8368
8368
8367
8365
8365
8364
8360
8360
8360
8360
8356
8354
8354
8352
8351
8351
8348
8347
8345
8344
8340
8338
8338
8336
8335
8335
8332
8332
8331
8330
8328
8326
8325
8325
8322
8321
8320
8319
8319
8318
8318
8316
8314
8314
8313
8313
8310
8310
8309
8305
8304
8304
8304
8304
8304
8304
8303
8301
8301
8301
8300
8300
8300
8298
8297
8296
8294
8293
8293
8292
8291
8290
8284
8284
8283
8283
8280
8280
8278
8278
8278
8276
8276
8272
8272
8270
8269
8269
8268
8268
8263
8260
8259
8259
8259
8259
8258
8258
8258
8257
8256
8256
8254
8254
8253
8251
8248
8247
8247
8246
8245
8245
8245
8244
8244
8244
8244
8244
8243
8243
8242
8242
8240
8240
8239
8238
8236
8236
8235
8235
8234
8233
8232
8231
8230
8229
8229
8229
8227
8225
8223
8221
8221
8220
8219
8219
8219
8217
8216
8216
8216
8214
8212
8211
8210
8210
8210
8209
8209
8209
8208
8208
8207
8207
8206
8206
8206
8206
8205
8203
8202
8202
8201
8201
8200
8200
8199
8198
8198
8197
8197
8197
8197
8196
8194
8193
8193
8192
8192
8190
8188
8187
8186
8183
8183
8181
8180
8178
8177
8176
8176
8176
8176
8174
8173
8171
8171
8171
8169
8168
8166
8166
8163
8162
8160
8160
8160
8159
8159
8157
8157
8156
8153
8151
8151
8149
8146
8144
8140
8137
8137
8136
8136
8136
8135
8133
8132
8130
8128
8128
8127
8125
8125
8123
8121
8120
8118
8110
8109
8108
8107
8106
8106
8105
8104
8103
8102
8102
8100
8100
8099
8098
8097
8097
8097
8097
8095
8094
8091
8089
8088
8086
8086
8086
8084
8084
8080
8080
8079
8078
8078
8077
8077
8074
8071
8071
8071
8069
8068
8067
8067
8066
8065
8063
8062
8062
8061
8058
8057
8056
8055
8054
8053
8053
8052
8052
8051
8051
8047
8047
8047
8046
8046
8046
8043
8042
8041
8038
8038
8038
8038
8035
8035
8035
8033
8033
8029
8028
8026
8025
8023
8023
8022
8021
8019
8018
8016
8015
8015
8014
8014
8012
8012
8012
8011
8011
8009
8008
8007
8007
8006
8003
8003
8002
7998
7998
7997
7996
7995
7995
7993
7993
7993
7992
7991
7989
7988
7988
7988
7986
7985
7985
7983
7982
7981
7980
7980
7979
7979
7978
7977
7973
7970
7969
7968
7966
7966
7966
7965
7964
7963
7962
7960
7960
7959
7958
7958
7957
7956
7956
7956
7956
7955
7954
7953
7953
7952
7950
7948
7946
7945
7945
7944
7944
7943
7942
7940
7940
7940
7939
7938
7938
7936
7936
7935
7935
7933
7933
7933
7928
7927
7927
7927
7926
7926
7925
7925
7924
7923
7923
7922
7920
7920
7918
7918
7917
7916
7916
7916
7915
7914
7913
7912
7912
7912
7911
7911
7910
7909
7907
7907
7907
7906
7906
7904
7903
7901
7901
7900
7899
7898
7898
7897
7897
7896
7895
7894
7893
7892
7892
7891
7891
7890
7890
7889
7888
7888
7884
7883
7882
7879
7879
7876
7876
7875
7873
7873
7872
7871
7869
7869
7867
7867
7866
7864
7862
7862
7861
7860
7859
7858
7858
7857
7855
7854
7853
7853
7851
7850
7850
7850
7848
7846
7846
7844
7844
7844
7844
7843
7841
7841
7841
7841
7841
7840
7839
7839
7839
7839
7837
7837
7837
7836
7834
7832
7832
7831
7831
7830
7829
7828
7826
7819
7819
7815
7814
7813
7812
7811
7810
7810
7809
7807
7806
7805
7805
7803
7803
7801
7801
7800
7799
7799
7797
7797
7796
7794
7793
7793
7792
7791
7791
7790
7790
7790
7789
7788
7787
7787
7787
7786
7784
7782
7780
7780
7780
7780
7779
7778
7777
7771
7769
7768
7765
7762
7761
7761
7759
7758
7758
7758
7758
7757
7754
7754
7753
7752
7752
7751
7751
7750
7750
7749
7748
7747
7747
7745
7745
7742
7741
7740
7739
7739
7738
7737
7737
7736
7736
7735
7735
7732
7732
7730
7729
7729
7729
7726
7725
7725
7723
7723
7722
7722
7721
7720
7719
7718
7717
7717
7716
7715
7713
7711
7711
7711
7710
7710
7710
7710
7710
7709
7708
7708
7707
7706
7705
7701
7700
7698
7697
7697
7697
7692
7692
7691
7690
7690
7690
7689
7688
7688
7688
7686
7685
7684
7684
7683
7683
7683
7683
7681
7680
7680
7678
7678
7677
7676
7675
7673
7673
7672
7670
7668
7667
7667
7664
7664
7664
7663
7661
7660
7659
7655
7653
7652
7652
7650
7650
7649
7649
7646
7646
7646
7645
7645
7645
7645
7643
7641
7641
7640
7637
7637
7636
7636
7635
7634
7634
7633
7632
7632
7632
7631
7630
7629
7629
7627
7627
7624
7623
7623
7623
7622
7620
7620
7619
7618
7617
7615
7614
7614
7614
7613
7613
7612
7611
7608
7603
7601
7599
7595
7595
7592
7591
7591
7591
7590
7590
7589
7589
7589
7586
7585
7585
7581
7581
7578
7577
7576
7575
7574
7573
7573
7573
7572
7571
7570
7570
7570
7569
7569
7568
7568
7566
7563
7562
7561
7558
7558
7557
7555
7554
7553
7551
7550
7550
7548
7546
7546
7545
7545
7544
7544
7543
7543
7542
7541
7540
7539
7538
7538
7536
7533
7532
7532
7531
7530
7529
7528
7528
7527
7525
7524
7522
7522
7520
7520
7519
7518
7513
7513
7513
7512
7511
7511
7510
7509
7509
7508
7508
7508
7508
7507
7505
7504
7503
7502
7501
7501
7500
7499
7498
7497
7497
7495
7494
7494
7493
7493
7492
7491
7490
7489
7489
7488
7486
7486
7485
7485
7485
7484
7483
7482
7482
7482
7480
7480
7479
7479
7478
7477
7476
7476
7476
7474
7474
7473
7472
7471
7471
7470
7469
7469
7468
7466
7466
7465
7463
7462
7461
7461
7459
7458
7458
7457
7455
7455
7454
7453
7453
7452
7450
7449
7449
7449
7447
7445
7442
7442
7441
7441
7439
7437
7436
7434
7434
7434
7433
7432
7431
7430
7430
7427
7427
7426
7422
7421
7419
7418
7417
7416
7416
7415
7415
7414
7413
7412
7411
7410
7407
7406
7405
7405
7404
7403
7403
7402
7401
7401
7399
7398
7398
7397
7397
7396
7395
7394
7392
7392
7389
7389
7389
7389
7388
7387
7387
7385
7384
7383
7381
7380
7378
7376
7374
7372
7371
7368
7367
7367
7366
7366
7364
7364
7363
7362
7361
7360
7359
7359
7359
7358
7357
7356
7356
7354
7354
7352
7352
7352
7350
7350
7350
7350
7347
7345
7344
7344
7343
7342
7342
7341
7339
7339
7339
7338
7338
7336
7334
7333
7332
7330
7329
7328
7327
7326
7325
7325
7325
7324
7323
7323
7323
7323
7322
7320
7320
7320
7318
7317
7317
7315
7314
7310
7308
7306
7306
7306
7305
7303
7303
7302
7302
7299
7297
7297
7296
7296
7296
7295
7294
7291
7290
7290
7289
7287
7285
7284
7283
7282
7281
7279
7278
7277
7277
7276
7274
7274
7273
7273
7272
7271
7270
7267
7267
7264
7263
7263
7263
7263
7262
7261
7259
7259
7258
7257
7257
7256
7256
7256
7254
7252
7252
7252
7251
7251
7250
7250
7245
7245
7243
7243
7242
7241
7240
7238
7236
7236
7235
7234
7233
7232
7232
7232
7231
7231
7230
7228
7228
7227
7227
7226
7226
7225
7225
7223
7221
7221
7220
7219
7219
7218
7212
7209
7209
7207
7207
7206
7205
7205
7203
7203
7202
7201
7199
7199
7198
7198
7196
7194
7193
7192
7190
7188
7187
7187
7186
7184
7181
7180
7180
7179
7179
7178
7177
7176
7175
7173
7169
7168
7168
7167
7166
7161
7160
7155
7155
7155
7153
7153
7152
7147
7147
7142
7141
7140
7140
7140
7139
7138
7138
7137
7136
7135
7132
7132
7131
7130
7129
7129
7128
7127
7127
7124
7124
7124
7121
7120
7119
7119
7117
7117
7116
7115
7115
7115
7112
7112
7112
7112
7111
7110
7110
7109
7109
7108
7107
7106
7106
7103
7102
7102
7101
7096
7096
7096
7095
7095
7095
7095
7094
7093
7091
7091
7089
7087
7086
7086
7084
7083
7083
7082
7079
7079
7078
7076
7075
7073
7073
7072
7071
7071
7070
7069
7068
7067
7067
7066
7065
7065
7065
7063
7062
7061
7061
7061
7060
7060
7060
7057
7057
7053
7051
7050
7049
7048
7045
7044
7044
7042
7042
7040
7039
7038
7037
7036
7036
7035
7035
7033
7029
7027
7025
7024
7022
7021
7019
7018
7018
7017
7017
7017
7016
7012
7010
7010
7009
7009
7008
7008
7007
7005
7003
7002
7002
7001
7000
6998
6997
6997
6997
6997
6996
6996
6995
6994
6991
6991
6990
6987
6986
6986
6985
6984
6984
6984
6984
6982
6980
6978
6978
6977
6974
6971
6971
6971
6969
6969
6969
6966
6966
6965
6965
6964
6964
6963
6962
6958
6954
6953
6953
6953
6952
6951
6951
6949
6948
6948
6948
6947
6947
6946
6945
6945
6944
6944
6944
6941
6939
6939
6938
6937
6936
6935
6934
6934
6933
6931
6931
6931
6927
6927
6924
6923
6923
6922
6919
6919
6919
6917
6917
6916
6915
6909
6909
6906
6905
6905
6904
6902
6901
6900
6899
6895
6895
6894
6893
6893
6891
6890
6890
6889
6888
6886
6885
6884
6883
6880
6879
6879
6878
6876
6875
6874
6873
6872
6870
6870
6866
6865
6865
6864
6864
6864
6860
6859
6859
6859
6859
6858
6858
6858
6857
6856
6855
6853
6852
6851
6851
6849
6844
6844
6844
6843
6842
6842
6841
6840
6839
6838
6835
6834
6834
6832
6832
6832
6832
6829
6829
6828
6827
6825
6824
6823
6823
6822
6820
6820
6819
6819
6819
6818
6817
6815
6815
6814
6812
6812
6811
6807
6806
6806
6804
6804
6804
6803
6801
6801
6800
6798
6797
6797
6791
6789
6788
6787
6787
6786
6786
6783
6782
6781
6779
6779
6779
6778
6777
6776
6774
6768
6768
6768
6766
6766
6765
6763
6763
6761
6761
6760
6759
6759
6759
6758
6757
6757
6755
6754
6751
6750
6750
6750
6749
6748
6746
6745
6743
6742
6741
6740
6740
6737
6736
6736
6735
6735
6735
6732
6731
6725
6724
6724
6724
6721
6719
6719
6718
6718
6717
6717
6716
6716
6715
6714
6714
6713
6711
6711
6709
6708
6708
6707
6706
6706
6704
6703
6703
6702
6701
6701
6700
6700
6700
6697
6696
6695
6694
6694
6691
6689
6689
6689
6688
6688
6685
6685
6684
6683
6683
6681
6681
6681
6681
6677
6677
6677
6676
6675
6675
6674
6673
6673
6673
6672
6670
6670
6669
6668
6667
6664
6664
6663
6662
6659
6658
6657
6656
6654
6654
6653
6652
6652
6651
6649
6649
6649
6649
6646
6645
6645
6645
6643
6642
6642
6642
6641
6638
6638
6638
6638
6637
6636
6636
6636
6636
6635
6635
6633
6632
6629
6628
6625
6624
6624
6624
6623
6622
6622
6622
6622
6621
6620
6619
6619
6617
6615
6615
6614
6614
6613
6613
6612
6612
6611
6610
6609
6609
6609
6608
6608
6606
6606
6606
6605
6605
6603
6603
6602
6601
6601
6601
6601
6599
6599
6598
6596
6592
6591
6590
6589
6587
6586
6583
6582
6581
6581
6580
6578
6577
6577
6577
6575
6574
6573
6573
6570
6569
6566
6566
6566
6565
6564
6564
6562
6559
6558
6557
6556
6554
6554
6552
6552
6551
6550
6549
6548
6545
6544
6543
6542
6540
6539
6539
6538
6536
6536
6536
6535
6535
6534
6534
6533
6532
6531
6530
6530
6530
6529
6528
6526
6526
6525
6524
6523
6523
6520
6518
6516
6515
6515
6514
6513
6512
6511
6511
6511
6507
6507
6506
6506
6505
6503
6500
6498
6497
6495
6495
6494
6493
6492
6491
6490
6490
6490
6489
6488
6488
6488
6484
6482
6479
6477
6477
6477
6476
6475
6475
6474
6474
6474
6472
6470
6469
6469
6469
6468
6468
6467
6467
6465
6464
6464
6462
6462
6461
6461
6461
6460
6460
6458
6458
6457
6456
6456
6456
6455
6455
6454
6453
6450
6449
6449
6448
6447
6446
6446
6443
6442
6442
6441
6441
6440
6439
6439
6438
6438
6437
6437
6435
6434
6433
6433
6433
6432
6431
6430
6428
6428
6428
6427
6426
6426
6424
6424
6424
6423
6421
6420
6420
6418
6418
6416
6413
6412
6411
6411
6410
6410
6409
6409
6408
6408
6408
6406
6406
6403
6402
6400
6400
6396
6396
6396
6394
6394
6393
6393
6392
6390
6388
6386
6385
6385
6385
6384
6384
6384
6382
6382
6381
6381
6379
6379
6379
6377
6377
6377
6377
6376
6376
6375
6374
6373
6373
6373
6371
6370
6370
6368
6365
6365
6365
6365
6362
6361
6361
6359
6359
6358
6358
6355
6354
6352
6351
6349
6347
6346
6345
6345
6345
6345
6344
6344
6343
6342
6342
6342
6342
6341
6340
6339
6339
6337
6337
6335
6334
6334
6333
6330
6328
6328
6327
6326
6326
6326
6325
6324
6324
6320
6320
6319
6316
6316
6316
6316
6316
6315
6315
6314
6313
6312
6312
6310
6310
6308
6307
6306
6306
6305
6305
6303
6302
6300
6298
6297
6296
6296
6295
6295
6294
6292
6292
6291
6291
6290
6290
6290
6290
6289
6288
6287
6286
6286
6285
6285
6284
6283
6282
6279
6278
6277
6276
6275
6274
6273
6272
6271
6271
6269
6269
6268
6267
6267
6265
6265
6263
6259
6256
6255
6255
6254
6251
6251
6251
6250
6250
6247
6245
6245
6245
6244
6244
6242
6242
6241
6240
6239
6239
6238
6237
6236
6236
6236
6233
6232
6231
6227
6225
6223
6221
6221
6219
6216
6214
6213
6213
6213
6212
6212
6211
6211
6210
6210
6210
6210
6208
6206
6203
6201
6200
6200
6199
6198
6195
6194
6193
6193
6193
6192
6192
6191
6189
6188
6188
6188
6188
6186
6185
6184
6184
6183
6183
6182
6179
6178
6178
6177
6174
6174
6171
6171
6170
6170
6170
6169
6168
6161
6161
6160
6158
6157
6157
6155
6154
6154
6153
6153
6153
6152
6151
6151
6146
6144
6142
6141
6140
6140
6140
6140
6139
6137
6136
6136
6135
6134
6133
6130
6128
6128
6127
6125
6125
6121
6116
6114
6113
6112
6112
6110
6108
6106
6106
6106
6104
6104
6104
6103
6103
6102
6101
6100
6099
6099
6099
6098
6097
6096
6095
6094
6091
6087
6087
6087
6087
6087
6086
6085
6084
6084
6083
6080
6080
6079
6078
6078
6077
6075
6075
6075
6074
6073
6073
6072
6070
6070
6068
6068
6068
6067
6067
6066
6064
6063
6062
6062
6061
6060
6059
6059
6058
6056
6056
6055
6055
6055
6054
6052
6050
6049
6049
6046
6045
6043
6043
6042
6042
6041
6041
6040
6040
6040
6038
6038
6037
6033
6032
6030
6028
6027
6025
6024
6024
6022
6022
6022
6022
6017
6016
6013
6010
6010
6010
6009
6009
6009
6009
6009
6008
6004
6003
6003
6003
6002
6002
6001
6000
6000
6000
6000
5999
5998
5997
5996
5995
5993
5989
5987
5983
5983
5982
5982
5980
5978
5976
5976
5973
5972
5970
5968
5968
5968
5967
5967
5967
5963
5961
5960
5960
5959
5959
5958
5957
5953
5950
5948
5947
5947
5947
5945
5945
5943
5942
5941
5937
5937
5936
5934
5934
5933
5931
5931
5931
5930
5929
5928
5927
5927
5923
5922
5921
5920
5918
5918
5917
5916
5916
5914
5913
5911
5911
5911
5908
5908
5906
5905
5904
5904
5904
5902
5902
5901
5901
5897
5897
5896
5894
5894
5893
5891
5888
5888
5887
5887
5886
5886
5884
5883
5880
5879
5875
5875
5874
5874
5873
5871
5869
5866
5866
5865
5865
5864
5862
5860
5860
5859
5857
5857
5855
5855
5854
5853
5852
5849
5849
5848
5848
5847
5847
5846
5843
5843
5842
5841
5840
5838
5835
5834
5834
5833
5833
5831
5829
5826
5825
5822
5820
5819
5818
5818
5817
5816
5815
5814
5814
5807
5807
5806
5804
5803
5802
5801
5800
5799
5799
5796
5790
5789
5788
5787
5787
5787
5786
5786
5784
5784
5784
5783
5782
5782
5780
5779
5779
5778
5778
5776
5776
5776
5775
5774
5774
5773
5772
5770
5770
5769
5769
5769
5768
5768
5767
5766
5766
5765
5763
5762
5759
5758
5758
5756
5754
5752
5747
5746
5746
5746
5745
5744
5744
5743
5743
5742
5742
5742
5742
5741
5739
5738
5738
5738
5737
5737
5736
5735
5735
5733
5733
5732
5732
5731
5730
5729
5729
5728
5727
5727
5723
5723
5723
5722
5721
5717
5716
5716
5715
5714
5714
5713
5713
5713
5712
5711
5711
5711
5710
5710
5709
5705
5702
5702
5701
5701
5701
5699
5699
5698
5697
5696
5693
5692
5691
5691
5690
5690
5689
5688
5688
5687
5686
5685
5685
5682
5682
5680
5679
5678
5678
5677
5675
5675
5674
5673
5673
5668
5666
5664
5663
5660
5660
5657
5656
5655
5654
5651
5649
5649
5648
5646
5646
5642
5641
5641
5640
5639
5638
5638
5638
5637
5636
5635
5635
5635
5632
5632
5628
5626
5626
5624
5623
5621
5620
5618
5615
5615
5614
5613
5611
5611
5610
5610
5609
5608
5606
5604
5604
5604
5603
5602
5602
5601
5601
5601
5600
5600
5600
5599
5599
5599
5597
5597
5594
5593
5593
5592
5592
5591
5589
5589
5588
5585
5584
5583
5582
5582
5581
5580
5580
5579
5578
5577
5577
5577
5576
5576
5575
5573
5573
5572
5572
5572
5572
5570
5568
5567
5566
5565
5565
5564
5564
5562
5562
5559
5558
5557
5556
5555
5554
5551
5550
5549
5549
5548
5547
5545
5545
5542
5540
5540
5536
5535
5535
5532
5532
5529
5528
5527
5526
5526
5524
5524
5524
5523
5522
5521
5520
5519
5518
5516
5516
5515
5514
5513
5512
5511
5508
5507
5506
5506
5506
5506
5505
5503
5502
5502
5502
5502
5501
5500
5497
5496
5495
5494
5492
5492
5492
5491
5491
5490
5489
5488
5487
5486
5486
5485
5483
5483
5483
5481
5480
5480
5479
5479
5478
5476
5475
5474
5470
5470
5468
5467
5467
5467
5465
5465
5464
5464
5461
5460
5459
5456
5456
5454
5454
5452
5452
5451
5450
5450
5448
5446
5446
5446
5445
5445
5444
5444
5443
5442
5442
5440
5439
5439
5439
5437
5436
5436
5436
5435
5433
5433
5432
5431
5430
5429
5429
5428
5428
5428
5427
5425
5425
5425
5424
5424
5424
5424
5422
5422
5419
5416
5415
5415
5415
5411
5409
5408
5405
5404
5403
5402
5402
5401
5400
5399
5398
5396
5395
5394
5392
5392
5391
5390
5390
5389
5388
5386
5386
5385
5385
5383
5383
5382
5381
5381
5380
5379
5379
5378
5375
5375
5374
5373
5372
5372
5372
5372
5371
5370
5370
5369
5368
5368
5364
5362
5361
5359
5357
5351
5351
5350
5349
5349
5348
5347
5346
5345
5344
5342
5342
5341
5341
5340
5339
5339
5336
5336
5335
5334
5334
5332
5332
5332
5331
5329
5329
5329
5329
5328
5328
5327
5326
5324
5324
5324
5323
5323
5323
5322
5322
5321
5321
5321
5319
5319
5318
5317
5317
5316
5315
5314
5314
5314
5313
5313
5312
5312
5311
5310
5310
5310
5307
5304
5304
5303
5302
5301
5298
5298
5297
5296
5295
5295
5295
5294
5292
5292
5292
5288
5288
5286
5286
5286
5286
5285
5284
5284
5283
5283
5282
5282
5282
5280
5276
5275
5274
5273
5273
5270
5270
5267
5266
5264
5262
5262
5258
5257
5255
5255
5254
5254
5254
5253
5253
5252
5252
5250
5250
5250
5248
5248
5247
5245
5245
5242
5240
5238
5237
5237
5235
5231
5231
5231
5231
5230
5228
5228
5227
5226
5226
5226
5226
5226
5226
5225
5223
5221
5219
5217
5217
5216
5216
5215
5215
5214
5212
5212
5211
5209
5207
5206
5206
5204
5204
5203
5202
5200
5197
5197
5197
5196
5194
5193
5193
5192
5192
5191
5190
5190
5190
5190
5190
5188
5188
5184
5183
5183
5182
5181
5180
5176
5175
5175
5174
5173
5173
5173
5171
5171
5170
5169
5168
5168
5165
5160
5159
5158
5154
5154
5153
5153
5151
5151
5147
5147
5147
5145
5143
5143
5142
5142
5140
5140
5140
5138
5138
5136
5136
5135
5135
5134
5133
5133
5132
5132
5132
5131
5131
5131
5130
5130
5129
5128
5126
5122
5121
5121
5119
5117
5115
5113
5113
5111
5111
5110
5109
5108
5108
5107
5106
5106
5105
5104
5103
5101
5101
5101
5098
5096
5095
5094
5094
5093
5092
5091
5090
5089
5087
5087
5086
5085
5085
5085
5083
5081
5081
5080
5080
5080
5076
5074
5074
5071
5070
5070
5070
5070
5070
5069
5068
5068
5068
5066
5064
5062
5060
5060
5059
5059
5059
5058
5057
5057
5056
5052
5051
5050
5050
5049
5048
5048
5044
5043
5042
5041
5041
5040
5038
5038
5035
5035
5033
5031
5030
5030
5030
5029
5027
5027
5027
5026
5026
5025
5024
5023
5023
5022
5022
5022
5022
5019
5017
5015
5015
5014
5013
5012
5011
5011
5009
5008
5006
5006
5006
5005
5003
5003
5003
5001
5001
4999
4999
4998
4998
4998
4998
4997
4993
4990
4988
4986
4984
4983
4981
4980
4980
4977
4972
4971
4971
4968
4967
4966
4966
4966
4965
4964
4964
4964
4962
4959
4959
4958
4958
4955
4955
4955
4954
4954
4953
4951
4950
4950
4948
4946
4946
4943
4943
4941
4940
4934
4931
4928
4926
4924
4922
4922
4922
4921
4921
4920
4920
4919
4919
4918
4917
4917
4917
4915
4913
4912
4911
4909
4906
4906
4905
4905
4905
4904
4902
4902
4900
4898
4898
4898
4897
4897
4897
4896
4895
4895
4893
4892
4892
4891
4891
4890
4889
4889
4889
4889
4888
4888
4886
4886
4885
4885
4884
4884
4884
4881
4879
4877
4877
4875
4874
4872
4872
4872
4869
4867
4867
4867
4865
4864
4864
4863
4862
4862
4861
4861
4860
4859
4855
4855
4855
4854
4854
4853
4851
4849
4849
4847
4845
4842
4842
4840
4837
4836
4836
4836
4836
4835
4832
4831
4827
4827
4827
4826
4824
4824
4822
4821
4821
4820
4819
4819
4819
4819
4818
4812
4812
4811
4811
4809
4806
4805
4804
4803
4803
4799
4798
4797
4796
4795
4793
4792
4791
4790
4789
4788
4787
4787
4786
4786
4786
4784
4780
4780
4779
4779
4779
4775
4773
4773
4773
4772
4771
4771
4771
4770
4768
4768
4766
4766
4765
4763
4762
4761
4761
4760
4759
4759
4757
4756
4756
4752
4751
4749
4749
4746
4746
4743
4743
4741
4741
4740
4738
4737
4736
4735
4734
4733
4732
4732
4731
4728
4727
4726
4726
4726
4724
4724
4723
4722
4722
4722
4721
4719
4718
4717
4717
4716
4715
4712
4711
4710
4709
4708
4707
4707
4707
4705
4705
4703
4702
4702
4695
4693
4692
4691
4690
4690
4688
4688
4688
4687
4687
4687
4687
4686
4685
4684
4683
4683
4682
4682
4681
4680
4679
4678
4678
4676
4674
4671
4671
4668
4667
4666
4662
4661
4660
4660
4658
4658
4657
4653
4653
4652
4651
4649
4649
4648
4648
4647
4645
4645
4645
4643
4642
4642
4641
4641
4640
4640
4640
4638
4638
4637
4637
4636
4636
4635
4635
4634
4633
4633
4633
4631
4629
4628
4628
4627
4627
4626
4624
4624
4623
4623
4622
4622
4622
4621
4621
4621
4620
4620
4619
4616
4616
4614
4613
4613
4613
4612
4612
4611
4609
4608
4607
4606
4605
4604
4603
4603
4602
4601
4601
4600
4599
4597
4594
4593
4591
4591
4591
4590
4590
4589
4588
4584
4581
4580
4580
4580
4579
4578
4578
4576
4575
4574
4571
4571
4569
4569
4569
4569
4569
4568
4568
4565
4565
4564
4564
4562
4561
4560
4559
4559
4557
4556
4554
4553
4553
4551
4550
4550
4549
4548
4548
4548
4547
4545
4543
4539
4539
4538
4537
4537
4536
4536
4535
4535
4535
4535
4534
4533
4532
4532
4531
4530
4530
4526
4524
4523
4522
4521
4520
4520
4520
4519
4519
4518
4514
4514
4512
4511
4511
4510
4509
4509
4507
4504
4503
4503
4500
4498
4498
4497
4494
4491
4491
4488
4487
4486
4485
4484
4482
4482
4481
4481
4480
4477
4477
4475
4474
4473
4473
4471
4471
4471
4469
4469
4467
4467
4466
4465
4465
4464
4463
4463
4462
4459
4459
4457
4456
4454
4454
4453
4453
4452
4452
4451
4451
4451
4450
4448
4447
4446
4441
4439
4439
4437
4435
4435
4435
4434
4434
4433
4432
4431
4428
4428
4426
4425
4425
4423
4423
4422
4421
4421
4421
4420
4420
4419
4419
4419
4419
4419
4417
4415
4411
4410
4410
4409
4409
4408
4405
4405
4403
4402
4400
4399
4399
4397
4397
4397
4395
4392
4391
4390
4389
4388
4385
4385
4384
4384
4384
4383
4381
4381
4380
4379
4379
4378
4378
4377
4377
4377
4376
4376
4376
4374
4371
4370
4368
4367
4367
4364
4364
4363
4363
4363
4360
4359
4359
4356
4356
4355
4353
4351
4350
4350
4348
4345
4344
4344
4344
4342
4341
4341
4340
4340
4336
4335
4334
4334
4333
4333
4332
4331
4330
4330
4328
4328
4328
4327
4325
4324
4324
4322
4322
4321
4318
4316
4316
4315
4310
4310
4308
4308
4308
4307
4306
4304
4303
4301
4300
4299
4298
4298
4297
4297
4296
4296
4295
4295
4294
4293
4291
4290
4290
4290
4289
4287
4284
4284
4284
4282
4282
4282
4281
4280
4280
4278
4277
4276
4274
4274
4272
4272
4272
4270
4269
4269
4267
4267
4265
4264
4263
4261
4261
4261
4260
4259
4258
4258
4258
4255
4253
4253
4253
4251
4250
4249
4248
4247
4246
4245
4244
4244
4243
4239
4238
4238
4237
4237
4233
4232
4232
4231
4231
4230
4230
4226
4225
4225
4222
4221
4221
4220
4219
4218
4215
4215
4215
4214
4213
4211
4208
4208
4206
4204
4203
4202
4202
4201
4201
4199
4194
4194
4193
4191
4189
4189
4189
4188
4186
4186
4186
4186
4184
4184
4181
4180
4179
4179
4179
4179
4177
4175
4175
4174
4173
4172
4171
4171
4171
4170
4169
4168
4165
4165
4163
4162
4161
4161
4159
4159
4158
4158
4157
4154
4152
4150
4148
4148
4146
4145
4143
4140
4138
4138
4138
4138
4137
4136
4135
4134
4133
4132
4131
4130
4129
4129
4129
4126
4126
4126
4124
4122
4120
4119
4119
4116
4116
4115
4113
4113
4112
4111
4111
4110
4109
4109
4108
4108
4105
4105
4105
4104
4104
4103
4102
4100
4098
4093
4089
4089
4089
4088
4087
4084
4084
4081
4079
4078
4077
4077
4077
4076
4070
4070
4068
4068
4067
4067
4066
4066
4064
4063
4063
4063
4062
4057
4054
4054
4054
4053
4053
4049
4048
4048
4047
4046
4044
4044
4043
4043
4042
4041
4041
4041
4039
4038
4037
4036
4035
4034
4033
4032
4032
4032
4030
4030
4029
4028
4027
4027
4026
4026
4024
4023
4023
4022
4019
4019
4019
4015
4013
4012
4012
4011
4009
4008
4007
4007
4006
4005
4004
4002
4000
4000
4000
4000
3999
3996
3996
3993
3992
3989
3988
3987
3986
3983
3983
3982
3981
3981
3980
3979
3979
3978
3977
3976
3973
3973
3970
3970
3969
3969
3969
3968
3968
3968
3968
3968
3967
3967
3966
3965
3965
3965
3963
3963
3962
3962
3961
3961
3959
3959
3959
3959
3959
3957
3955
3955
3955
3953
3952
3952
3950
3948
3947
3946
3945
3945
3943
3943
3943
3941
3941
3940
3939
3939
3938
3938
3938
3934
3934
3934
3932
3932
3931
3931
3929
3929
3928
3928
3927
3925
3925
3924
3924
3923
3921
3921
3920
3920
3919
3917
3915
3914
3914
3913
3912
3911
3910
3909
3909
3909
3907
3906
3904
3904
3904
3904
3903
3902
3901
3899
3899
3898
3895
3893
3890
3890
3890
3889
3889
3887
3885
3885
3883
3882
3881
3881
3877
3877
3877
3875
3874
3874
3871
3870
3869
3868
3867
3867
3867
3864
3864
3860
3859
3858
3858
3858
3857
3857
3856
3853
3852
3850
3848
3847
3847
3847
3846
3843
3843
3840
3839
3839
3836
3836
3836
3834
3834
3832
3831
3831
3830
3830
3830
3829
3829
3829
3828
3826
3825
3825
3825
3822
3822
3821
3820
3817
3817
3817
3817
3816
3816
3815
3814
3813
3812
3811
3810
3808
3805
3804
3803
3803
3802
3802
3802
3801
3801
3800
3799
3799
3798
3797
3797
3796
3795
3794
3793
3792
3791
3790
3789
3788
3788
3787
3786
3786
3784
3783
3780
3779
3779
3779
3777
3777
3777
3776
3773
3771
3769
3768
3768
3767
3767
3766
3765
3765
3764
3762
3762
3762
3760
3759
3759
3759
3758
3757
3754
3752
3751
3750
3750
3750
3749
3749
3748
3748
3747
3747
3746
3746
3745
3744
3743
3742
3742
3742
3740
3738
3738
3737
3736
3734
3734
3734
3734
3734
3733
3731
3730
3729
3729
3729
3728
3727
3726
3726
3724
3723
3723
3722
3721
3721
3720
3719
3719
3716
3715
3714
3712
3712
3710
3709
3708
3707
3707
3707
3706
3705
3704
3703
3700
3699
3698
3696
3696
3693
3693
3692
3691
3690
3689
3687
3687
3686
3686
3684
3683
3683
3680
3675
3673
3673
3671
3668
3668
3667
3664
3663
3661
3661
3659
3658
3656
3654
3653
3652
3652
3650
3648
3646
3645
3644
3642
3642
3641
3641
3641
3639
3639
3639
3636
3635
3635
3634
3631
3630
3628
3627
3627
3627
3625
3625
3625
3625
3624
3623
3621
3620
3619
3617
3616
3615
3614
3613
3613
3612
3612
3611
3610
3609
3609
3607
3606
3605
3603
3603
3602
3601
3601
3601
3600
3600
3599
3599
3598
3598
3596
3595
3594
3594
3594
3594
3593
3591
3590
3590
3589
3589
3587
3586
3584
3584
3583
3582
3582
3582
3581
3579
3578
3577
3577
3576
3576
3574
3573
3572
3572
3571
3571
3571
3570
3569
3569
3569
3569
3568
3568
3567
3566
3565
3565
3563
3563
3561
3561
3560
3559
3558
3557
3556
3555
3555
3554
3553
3552
3550
3550
3548
3548
3544
3544
3543
3543
3538
3538
3538
3537
3535
3533
3532
3530
3530
3530
3529
3528
3528
3528
3528
3526
3525
3525
3525
3524
3523
3522
3522
3522
3521
3521
3521
3521
3519
3519
3516
3516
3516
3516
3514
3514
3513
3510
3509
3508
3508
3507
3506
3504
3504
3504
3502
3502
3500
3499
3499
3498
3496
3495
3495
3494
3494
3494
3492
3491
3489
3489
3488
3487
3486
3482
3482
3481
3479
3477
3476
3475
3475
3474
3473
3473
3471
3471
3471
3467
3466
3465
3464
3462
3461
3460
3460
3459
3459
3456
3456
3453
3450
3448
3446
3446
3446
3444
3444
3443
3443
3442
3442
3438
3438
3436
3435
3435
3434
3433
3429
3428
3426
3425
3425
3425
3424
3423
3423
3423
3423
3420
3417
3417
3416
3410
3409
3407
3406
3405
3404
3403
3402
3402
3399
3398
3398
3397
3397
3397
3396
3396
3395
3394
3391
3391
3389
3388
3388
3387
3386
3385
3385
3385
3384
3383
3381
3380
3378
3377
3376
3376
3376
3376
3375
3375
3374
3371
3371
3368
3367
3367
3365
3362
3360
3360
3358
3357
3357
3356
3354
3353
3353
3352
3352
3352
3351
3348
3347
3346
3344
3344
3343
3342
3337
3337
3336
3336
3335
3334
3334
3334
3333
3332
3332
3331
3331
3329
3329
3327
3323
3322
3320
3319
3317
3314
3312
3312
3310
3310
3308
3307
3306
3306
3305
3303
3303
3301
3301
3300
3297
3297
3296
3296
3296
3294
3294
3294
3292
3292
3291
3291
3290
3289
3289
3288
3287
3287
3286
3285
3284
3281
3279
3278
3278
3278
3275
3274
3274
3274
3274
3273
3272
3271
3271
3269
3269
3269
3268
3268
3265
3264
3264
3263
3262
3260
3259
3258
3257
3257
3254
3254
3253
3252
3251
3251
3249
3248
3248
3243
3242
3242
3239
3236
3236
3234
3233
3232
3230
3229
3229
3229
3227
3227
3226
3225
3224
3223
3223
3221
3220
3220
3220
3219
3218
3218
3218
3218
3216
3215
3214
3213
3211
3210
3204
3201
3200
3198
3197
3195
3191
3190
3189
3187
3185
3184
3184
3184
3184
3182
3181
3181
3178
3177
3177
3175
3174
3174
3173
3172
3172
3171
3167
3166
3165
3165
3163
3160
3160
3159
3156
3156
3156
3156
3155
3155
3151
3148
3146
3146
3145
3144
3143
3142
3142
3140
3140
3140
3136
3136
3136
3135
3132
3130
3129
3129
3126
3125
3125
3123
3123
3120
3120
3119
3118
3115
3114
3113
3113
3112
3111
3111
3110
3110
3108
3108
3106
3105
3104
3103
3099
3096
3095
3095
3094
3094
3093
3092
3092
3091
3088
3087
3086
3085
3084
3082
3080
3079
3078
3078
3078
3078
3077
3076
3076
3076
3075
3073
3072
3072
3069
3068
3064
3062
3061
3060
3057
3054
3054
3052
3051
3051
3050
3050
3049
3049
3048
3047
3045
3044
3044
3043
3042
3042
3041
3040
3040
3040
3039
3038
3033
3033
3031
3031
3031
3030
3030
3030
3029
3029
3028
3026
3025
3025
3022
3019
3017
3011
3009
3007
3007
3007
3007
3006
3005
3004
3004
3000
3000
2998
2996
2996
2992
2992
2991
2989
2989
2988
2988
2987
2986
2984
2982
2982
2981
2978
2977
2976
2974
2973
2973
2972
2972
2969
2967
2967
2967
2966
2965
2964
2964
2963
2962
2961
2961
2961
2959
2958
2958
2957
2957
2956
2950
2948
2946
2943
2942
2941
2941
2940
2938
2937
2935
2933
2933
2933
2933
2930
2928
2925
2925
2924
2922
2919
2919
2917
2916
2914
2913
2912
2911
2910
2909
2908
2908
2905
2905
2904
2903
2902
2901
2901
2901
2899
2899
2898
2897
2897
2896
2895
2895
2893
2893
2893
2889
2887
2884
2882
2882
2882
2881
2881
2881
2879
2879
2879
2878
2876
2874
2872
2871
2870
2870
2868
2868
2866
2865
2865
2864
2863
2863
2862
2862
2861
2861
2861
2861
2856
2855
2855
2855
2854
2852
2852
2850
2849
2849
2849
2848
2848
2846
2845
2844
2843
2842
2841
2838
2835
2834
2832
2828
2827
2826
2825
2825
2823
2823
2820
2818
2816
2815
2813
2813
2813
2813
2807
2807
2806
2805
2805
2804
2802
2802
2801
2801
2800
2800
2797
2795
2794
2794
2794
2794
2793
2793
2792
2792
2790
2789
2789
2787
2786
2786
2785
2783
2782
2781
2780
2780
2779
2779
2778
2777
2777
2777
2777
2777
2776
2775
2773
2773
2773
2773
2771
2771
2770
2770
2769
2769
2767
2764
2763
2760
2759
2758
2757
2756
2755
2754
2754
2754
2753
2752
2751
2750
2750
2748
2747
2746
2745
2743
2742
2742
2736
2736
2736
2733
2732
2730
2727
2725
2724
2722
2720
2718
2718
2715
2715
2714
2713
2712
2712
2711
2711
2711
2710
2709
2707
2707
2705
2705
2703
2703
2702
2702
2700
2698
2697
2697
2696
2695
2694
2692
2691
2691
2690
2689
2689
2688
2688
2687
2685
2685
2684
2682
2682
2681
2680
2679
2679
2679
2679
2677
2676
2676
2674
2674
2673
2671
2671
2670
2669
2668
2666
2666
2666
2665
2664
2663
2663
2662
2660
2658
2658
2655
2655
2655
2654
2654
2653
2652
2651
2651
2649
2647
2646
2645
2643
2641
2641
2640
2640
2640
2639
2637
2637
2636
2636
2635
2635
2634
2633
2630
2630
2627
2625
2624
2623
2623
2621
2619
2618
2618
2618
2616
2616
2615
2613
2610
2607
2606
2604
2604
2603
2600
2598
2598
2596
2593
2592
2590
2589
2587
2587
2584
2584
2583
2582
2581
2580
2579
2578
2576
2575
2575
2575
2572
2572
2572
2569
2567
2567
2565
2563
2561
2559
2559
2559
2558
2558
2558
2558
2557
2556
2555
2555
2554
2554
2550
2550
2550
2546
2543
2542
2541
2540
2540
2540
2539
2538
2538
2538
2537
2536
2533
2533
2533
2533
2533
2532
2531
2530
2528
2528
2527
2526
2525
2525
2524
2524
2523
2522
2520
2520
2520
2520
2518
2518
2517
2517
2516
2515
2514
2514
2513
2513
2512
2511
2509
2508
2506
2503
2503
2499
2498
2498
2498
2498
2496
2496
2495
2494
2493
2493
2492
2491
2490
2489
2489
2481
2481
2480
2479
2478
2477
2477
2477
2474
2474
2474
2474
2473
2471
2471
2469
2468
2466
2464
2463
2462
2462
2461
2460
2460
2456
2456
2455
2453
2450
2449
2446
2446
2445
2445
2445
2445
2444
2443
2441
2440
2437
2436
2435
2435
2434
2434
2433
2430
2429
2428
2426
2425
2424
2424
2424
2423
2423
2423
2423
2422
2422
2421
2421
2420
2420
2420
2419
2418
2417
2417
2416
2416
2415
2414
2412
2412
2412
2410
2409
2408
2408
2407
2405
2405
2404
2404
2403
2402
2402
2401
2400
2400
2399
2396
2395
2393
2391
2391
2388
2385
2384
2384
2379
2378
2378
2376
2375
2374
2374
2374
2372
2372
2371
2370
2370
2369
2369
2369
2369
2368
2366
2365
2365
2365
2364
2363
2363
2361
2360
2358
2357
2355
2354
2353
2353
2352
2352
2351
2351
2350
2349
2348
2348
2344
2343
2342
2342
2340
2339
2336
2336
2333
2333
2332
2331
2331
2327
2327
2323
2322
2321
2320
2320
2319
2319
2319
2317
2317
2316
2316
2311
2309
2309
2308
2308
2307
2306
2302
2301
2300
2299
2296
2295
2292
2292
2291
2290
2289
2288
2288
2288
2287
2287
2286
2285
2284
2281
2279
2277
2275
2274
2274
2272
2271
2271
2270
2270
2269
2269
2268
2267
2266
2266
2264
2264
2263
2262
2261
2259
2257
2257
2256
2255
2253
2252
2251
2249
2247
2245
2244
2242
2241
2236
2236
2234
2233
2233
2230
2229
2228
2228
2227
2226
2225
2225
2224
2222
2221
2218
2216
2216
2214
2213
2213
2211
2211
2211
2210
2209
2208
2208
2207
2206
2204
2204
2203
2203
2201
2200
2199
2198
2196
2195
2193
2192
2191
2189
2189
2188
2185
2183
2179
2179
2178
2176
2176
2176
2173
2170
2167
2167
2167
2164
2164
2164
2163
2163
2163
2163
2162
2161
2161
2160
2159
2159
2158
2158
2157
2157
2154
2154
2150
2150
2148
2147
2144
2144
2144
2143
2143
2142
2141
2140
2139
2138
2136
2136
2135
2134
2133
2132
2132
2132
2131
2131
2131
2131
2129
2128
2128
2126
2126
2126
2126
2125
2125
2124
2121
2120
2120
2118
2117
2114
2114
2111
2110
2110
2108
2108
2107
2105
2104
2100
2100
2099
2099
2099
2096
2094
2093
2092
2092
2092
2091
2091
2090
2090
2089
2088
2088
2086
2086
2085
2085
2084
2083
2082
2081
2079
2077
2077
2077
2076
2076
2075
2070
2069
2069
2068
2068
2068
2066
2065
2064
2064
2063
2060
2059
2057
2057
2057
2057
2056
2055
2055
2053
2053
2052
2052
2052
2049
2046
2046
2046
2046
2046
2046
2045
2045
2045
2044
2044
2043
2043
2043
2042
2038
2038
2037
2037
2036
2035
2035
2032
2031
2030
2029
2029
2028
2027
2027
2025
2024
2024
2022
2021
2019
2018
2018
2017
2016
2015
2014
2014
2013
2013
2012
2012
2011
2011
2009
2009
2008
2007
2005
2005
2003
1999
1999
1996
1989
1988
1988
1985
1985
1985
1983
1980
1980
1979
1979
1979
1978
1978
1976
1975
1975
1973
1971
1970
1969
1968
1967
1966
1966
1965
1965
1963
1960
1959
1959
1954
1953
1953
1951
1951
1950
1949
1947
1944
1944
1942
1942
1941
1941
1937
1937
1934
1932
1931
1931
1930
1929
1928
1928
1927
1925
1925
1922
1921
1921
1920
1920
1919
1918
1917
1917
1915
1915
1914
1914
1913
1913
1913
1912
1912
1911
1910
1908
1907
1907
1907
1902
1902
1900
1900
1898
1897
1897
1896
1896
1894
1893
1893
1892
1891
1890
1889
1889
1888
1887
1887
1887
1887
1887
1886
1884
1884
1884
1884
1882
1881
1880
1880
1880
1878
1875
1875
1875
1874
1873
1872
1872
1871
1871
1870
1869
1868
1867
1866
1864
1864
1861
1860
1860
1859
1856
1854
1854
1851
1851
1850
1850
1850
1846
1844
1842
1840
1837
1837
1837
1836
1836
1836
1834
1834
1833
1832
1831
1831
1831
1830
1830
1830
1829
1826
1825
1825
1824
1824
1823
1819
1815
1815
1813
1813
1810
1810
1810
1809
1809
1807
1806
1806
1806
1805
1804
1802
1802
1800
1800
1799
1798
1793
1791
1790
1790
1790
1790
1788
1788
1787
1786
1786
1785
1785
1784
1782
1777
1776
1776
1775
1774
1774
1774
1773
1773
1770
1768
1768
1768
1767
1767
1767
1764
1764
1764
1763
1763
1763
1762
1762
1762
1761
1760
1757
1756
1756
1755
1755
1755
1755
1755
1754
1753
1753
1750
1749
1748
1748
1747
1745
1744
1744
1743
1743
1743
1741
1741
1739
1739
1738
1738
1738
1737
1735
1735
1734
1733
1732
1727
1727
1726
1725
1724
1724
1724
1721
1721
1721
1719
1719
1718
1717
1717
1716
1714
1714
1713
1712
1710
1709
1709
1708
1708
1707
1707
1707
1706
1706
1706
1705
1704
1703
1702
1702
1702
1701
1701
1699
1699
1698
1697
1696
1696
1694
1694
1692
1692
1691
1690
1688
1687
1687
1687
1686
1686
1684
1682
1681
1679
1677
1675
1673
1673
1673
1673
1672
1672
1669
1669
1669
1668
1668
1666
1665
1663
1661
1659
1659
1659
1658
1658
1658
1658
1657
1657
1657
1656
1654
1653
1652
1651
1649
1649
1649
1648
1647
1647
1643
1643
1641
1640
1640
1639
1637
1634
1633
1633
1632
1631
1629
1629
1629
1629
1627
1624
1624
1623
1622
1621
1620
1619
1616
1616
1615
1613
1611
1610
1609
1609
1609
1609
1607
1606
1605
1605
1603
1600
1599
1596
1595
1595
1594
1593
1592
1591
1590
1590
1589
1589
1589
1588
1588
1587
1586
1585
1585
1583
1582
1580
1577
1577
1575
1572
1571
1570
1570
1569
1569
1568
1568
1567
1567
1567
1566
1566
1565
1564
1564
1564
1562
1561
1561
1560
1560
1559
1558
1557
1556
1556
1556
1555
1555
1554
1553
1553
1553
1553
1551
1551
1549
1548
1547
1546
1545
1545
1544
1544
1544
1541
1536
1535
1534
1533
1532
1531
1530
1529
1529
1528
1528
1527
1527
1527
1525
1525
1525
1525
1524
1523
1522
1522
1521
1521
1520
1520
1520
1519
1518
1517
1517
1513
1512
1512
1511
1511
1510
1507
1505
1500
1498
1497
1497
1494
1494
1493
1493
1492
1490
1487
1482
1482
1481
1481
1480
1479
1476
1475
1474
1472
1472
1469
1468
1468
1467
1466
1466
1464
1460
1460
1457
1456
1455
1454
1451
1450
1450
1450
1450
1445
1445
1441
1441
1440
1440
1440
1440
1438
1437
1435
1434
1434
1433
1433
1432
1432
1432
1431
1431
1431
1429
1428
1425
1423
1420
1419
1418
1418
1418
1418
1418
1414
1413
1413
1412
1412
1411
1409
1408
1407
1406
1406
1405
1405
1404
1402
1402
1402
1402
1401
1400
1400
1399
1399
1396
1395
1395
1395
1393
1392
1390
1389
1385
1385
1385
1383
1382
1381
1380
1379
1378
1376
1376
1373
1372
1372
1368
1364
1363
1363
1362
1362
1361
1356
1356
1355
1355
1355
1354
1352
1352
1348
1347
1347
1346
1346
1346
1344
1343
1342
1341
1340
1336
1335
1334
1331
1330
1330
1329
1328
1328
1326
1325
1325
1325
1325
1324
1323
1322
1321
1320
1320
1318
1318
1317
1317
1316
1315
1314
1312
1312
1307
1307
1307
1306
1306
1305
1302
1300
1300
1299
1299
1298
1297
1296
1296
1293
1293
1292
1291
1290
1289
1288
1288
1288
1287
1286
1286
1286
1286
1286
1285
1285
1285
1284
1283
1282
1282
1282
1281
1281
1279
1279
1276
1274
1273
1272
1271
1269
1269
1268
1268
1266
1265
1264
1263
1262
1262
1261
1261
1261
1259
1256
1256
1255
1255
1254
1253
1252
1251
1250
1250
1249
1249
1248
1247
1244
1243
1242
1240
1240
1239
1238
1236
1233
1231
1231
1230
1228
1226
1226
1223
1222
1221
1221
1220
1220
1219
1219
1218
1218
1216
1216
1216
1214
1213
1213
1212
1212
1212
1210
1210
1207
1207
1205
1205
1204
1204
1203
1202
1199
1197
1194
1192
1188
1186
1186
1184
1184
1184
1183
1180
1176
1176
1176
1174
1173
1172
1171
1170
1167
1166
1165
1162
1162
1161
1160
1160
1159
1154
1154
1153
1153
1151
1151
1150
1148
1148
1147
1143
1142
1142
1142
1139
1139
1138
1137
1136
1135
1134
1133
1133
1131
1130
1130
1129
1128
1126
1125
1124
1124
1123
1122
1120
1119
1118
1118
1117
1116
1116
1112
1111
1111
1107
1106
1105
1105
1105
1104
1104
1103
1103
1102
1101
1101
1100
1099
1099
1099
1099
1098
1098
1097
1097
1097
1091
1091
1087
1085
1085
1085
1084
1084
1083
1082
1082
1081
1080
1079
1077
1077
1077
1077
1077
1073
1071
1069
1068
1067
1067
1064
1064
1063
1063
1062
1062
1061
1060
1060
1059
1058
1057
1057
1057
1055
1054
1054
1050
1050
1047
1046
1046
1045
1042
1042
1041
1040
1039
1038
1038
1036
1035
1035
1030
1029
1024
1023
1022
1022
1020
1018
1017
1017
1013
1013
1012
1011
1011
1011
1010
1010
1010
1010
1009
1007
1007
1005
1005
1004
1003
1003
1002
1002
1001
997
997
993
993
993
991
991
990
990
990
989
988
988
988
987
987
987
985
984
983
983
982
981
980
980
980
980
979
978
976
972
970
969
968
966
964
963
963
963
962
962
961
961
961
961
959
958
957
955
954
951
949
948
948
947
945
945
944
943
943
942
942
939
938
935
932
931
931
931
930
929
928
927
927
924
918
917
917
917
916
916
915
915
914
914
913
910
910
909
908
907
907
905
905
904
904
903
902
901
900
898
896
895
894
891
889
888
887
887
886
880
878
876
875
874
874
872
870
870
869
868
866
863
861
860
860
859
858
858
858
857
857
856
854
853
852
850
848
847
847
844
844
842
840
840
838
838
837
837
836
833
832
832
832
831
830
829
829
825
824
823
823
822
819
817
815
813
812
810
810
809
807
807
806
804
804
803
802
800
800
799
796
794
793
791
789
788
788
787
787
784
783
782
781
780
778
775
774
773
773
770
769
768
765
764
763
760
759
758
758
755
754
754
754
752
750
750
750
748
744
744
743
741
739
738
737
737
736
736
735
734
732
730
730
729
728
728
728
728
726
725
725
725
724
723
723
723
723
722
721
719
719
717
713
711
711
711
711
710
709
708
707
706
706
706
703
703
702
702
700
700
697
697
696
694
694
694
693
693
687
685
683
682
682
681
681
681
680
680
679
678
677
676
674
673
672
670
670
670
669
667
665
665
663
663
662
660
659
658
658
656
655
654
654
653
651
650
650
648
648
648
647
646
645
645
645
643
643
642
640
640
639
638
637
637
637
636
636
635
635
635
634
633
632
631
630
629
629
629
628
626
624
623
620
620
620
620
619
617
616
616
615
614
613
613
613
613
611
609
608
608
608
607
607
606
604
601
600
600
600
599
598
598
596
595
595
593
592
590
590
590
589
589
588
586
586
584
583
582
581
580
579
577
577
577
576
575
575
574
574
574
571
571
571
568
567
567
565
565
564
563
562
561
560
559
558
557
557
557
555
555
554
554
552
551
551
551
551
548
546
546
546
545
545
544
544
543
541
540
539
539
538
535
534
534
534
533
532
531
528
528
527
524
522
521
521
521
519
518
516
516
516
515
514
514
513
511
508
507
507
506
505
505
504
503
502
502
500
499
498
498
497
497
497
496
496
495
493
492
491
489
489
488
486
485
484
483
483
483
480
480
480
478
478
476
474
474
474
473
472
471
470
470
470
467
464
463
462
460
457
456
454
453
453
451
451
450
450
450
448
447
447
447
447
446
446
445
443
442
440
438
437
434
433
432
432
431
430
429
428
427
427
427
425
425
423
423
422
421
420
418
417
417
417
417
416
414
414
413
409
408
407
407
405
398
398
397
397
395
394
394
393
391
391
391
390
389
388
387
387
387
385
384
383
383
382
380
378
375
374
374
374
373
371
369
368
367
364
363
362
362
362
362
361
360
359
359
358
357
356
355
355
354
352
352
350
350
349
349
348
347
347
346
345
344
341
341
340
339
337
336
333
330
327
327
325
323
322
320
319
319
319
318
318
317
317
316
315
314
313
312
309
308
308
308
308
307
306
306
306
306
305
304
303
302
302
301
300
297
297
296
296
296
295
294
294
294
294
294
293
291
291
290
289
288
287
287
283
282
281
280
279
279
278
277
276
276
276
275
275
274
274
274
273
273
273
271
271
270
270
270
269
269
268
265
262
262
261
257
257
256
255
255
255
253
252
251
250
250
249
248
247
247
244
243
241
240
240
237
236
235
234
233
232
231
231
231
231
230
228
226
225
224
223
222
221
221
220
220
219
218
217
214
214
213
212
211
209
206
205
205
204
203
203
202
202
202
201
200
199
198
198
195
195
194
194
193
191
191
190
190
188
188
187
187
183
179
179
178
178
178
177
176
175
175
174
172
172
171
169
168
167
166
166
166
166
165
161
160
159
158
157
157
156
156
156
155
155
154
154
153
151
151
150
149
149
148
148
146
146
146
146
143
143
143
142
141
141
140
140
140
140
139
139
138
138
137
136
135
135
135
134
133
132
132
131
130
129
128
127
126
126
126
126
125
123
123
121
119
119
118
117
117
116
116
115
113
111
110
110
108
108
108
108
106
105
102
102
101
98
96
96
96
95
95
94
90
90
87
86
86
86
85
82
81
80
78
77
77
75
73
72
71
70
70
70
69
69
68
67
66
65
64
64
62
62
61
61
61
61
61
60
60
60
60
58
57
55
55
54
53
53
50
50
49
48
47
45
44
44
43
42
40
40
40
40
38
37
37
37
35
34
34
32
31
31
31
30
29
28
28
27
27
27
26
25
25
24
23
22
21
20
19
17
17
16
16
16
15
14
14
14
14
12
12
10
9
8
7
6
5
5
4
1
1