1
1
4
5
5
6
7
8
9
10
12
12
14
14
14
14
15
16
16
16
17
17
19
20
21
22
23
24
25
25
26
27
27
27
28
28
29
30
31
31
31
32
34
34
35
37
37
37
38
40
40
40
40
42
43
44
44
45
47
48
49
50
50
53
53
54
55
55
57
58
60
60
60
60
61
61
61
61
61
62
62
64
64
65
66
67
68
69
69
70
70
70
71
72
73
75
77
77
78
80
81
82
85
86
86
86
87
90
90
94
95
95
96
96
96
98
101
102
102
105
106
108
108
108
108
110
110
111
113
115
116
116
117
117
118
119
119
121
123
123
125
126
126
126
126
127
128
129
130
131
132
132
133
134
135
135
135
136
137
138
138
139
139
140
140
140
140
141
141
142
143
143
143
146
146
146
146
148
148
149
149
150
151
151
153
154
154
155
155
156
156
156
157
157
158
159
160
161
165
166
166
166
166
167
168
169
171
172
172
174
175
175
176
177
178
178
178
179
179
183
187
187
188
188
190
190
191
191
193
194
194
195
195
198
198
199
200
201
202
202
202
203
203
204
205
205
206
209
211
212
213
214
214
217
218
219
220
220
221
221
222
223
224
225
226
228
230
231
231
231
231
232
233
234
235
236
237
240
240
241
243
244
247
247
248
249
250
250
251
252
253
255
255
255
256
257
257
261
262
262
265
268
269
269
270
270
270
271
271
273
273
273
274
274
274
275
275
276
276
276
277
278
279
279
280
281
282
283
287
287
288
289
290
291
291
293
294
294
294
294
294
295
296
296
296
297
297
300
301
302
302
303
304
305
306
306
306
306
307
308
308
308
308
309
312
313
314
315
316
317
317
318
318
319
319
319
320
322
323
325
327
327
330
333
336
337
339
340
341
341
344
345
346
347
347
348
349
349
350
350
352
352
354
355
355
356
357
358
359
359
360
361
362
362
362
362
363
364
367
368
369
371
373
374
374
374
375
378
380
382
383
383
384
385
387
387
387
388
389
390
391
391
391
393
394
394
395
397
397
398
398
405
407
407
408
409
413
414
414
416
417
417
417
417
418
420
421
422
423
423
425
425
427
427
427
428
429
430
431
432
432
433
434
437
438
440
442
443
445
446
446
447
447
447
447
448
450
450
450
451
451
453
453
454
456
457
460
462
463
464
467
470
470
470
471
472
473
474
474
474
476
478
478
480
480
480
483
483
483
484
485
486
488
489
489
491
492
493
495
496
496
497
497
497
498
498
499
500
502
502
503
504
505
505
506
507
507
508
511
513
514
514
515
516
516
516
518
519
521
521
521
522
524
527
528
528
531
532
533
534
534
534
535
538
539
539
540
541
543
544
544
545
545
546
546
546
548
551
551
551
551
552
554
554
555
555
557
557
557
558
559
560
561
562
563
564
565
565
567
567
568
571
571
571
574
574
574
575
575
576
577
577
577
579
580
581
582
583
584
586
586
588
589
589
590
590
590
592
593
595
595
596
598
598
599
600
600
600
601
604
606
607
607
608
608
608
609
611
613
613
613
613
614
615
616
616
617
619
620
620
620
620
623
624
626
628
629
629
629
630
631
632
633
634
635
635
635
636
636
637
637
637
638
639
640
640
642
643
643
645
645
645
646
647
648
648
648
650
650
651
653
654
654
655
656
658
658
659
660
662
663
663
665
665
667
669
670
670
670
672
673
674
676
677
678
679
680
680
681
681
681
682
682
683
685
687
693
693
694
694
694
696
697
697
700
700
702
702
703
703
706
706
706
707
708
709
710
711
711
711
711
713
717
719
719
721
722
723
723
723
723
724
725
725
725
726
728
728
728
728
729
730
730
732
734
735
736
736
737
737
738
739
741
743
744
744
748
750
750
750
752
754
754
754
755
758
758
759
760
763
764
765
768
769
770
773
773
774
775
778
780
781
782
783
784
787
787
788
788
789
791
793
794
796
799
800
800
802
803
804
804
806
807
807
809
810
810
812
813
815
817
819
822
823
823
824
825
829
829
830
831
832
832
832
833
836
837
837
838
838
840
840
842
844
844
847
847
848
850
852
853
854
856
857
857
858
858
858
859
860
860
861
863
866
868
869
870
870
872
874
874
875
876
878
880
886
887
887
888
889
891
894
895
896
898
900
901
902
903
904
904
905
905
907
907
908
909
910
910
913
914
914
915
915
916
916
917
917
917
918
924
927
927
928
929
930
931
931
931
932
935
938
939
942
942
943
943
944
945
945
947
948
948
949
951
954
955
957
958
959
961
961
961
961
962
962
963
963
963
964
966
968
969
970
972
976
978
979
980
980
980
980
981
982
983
983
984
985
987
987
987
988
988
988
989
990
990
990
991
991
993
993
993
997
997
1001
1002
1002
1003
1003
1004
1005
1005
1007
1007
1009
1010
1010
1010
1010
1011
1011
1011
1012
1013
1013
1017
1017
1018
1020
1022
1022
1023
1024
1029
1030
1035
1035
1036
1038
1038
1039
1040
1041
1042
1042
1045
1046
1046
1047
1050
1050
1054
1054
1055
1057
1057
1057
1058
1059
1060
1060
1061
1062
1062
1063
1063
1064
1064
1067
1067
1068
1069
1071
1073
1077
1077
1077
1077
1077
1079
1080
1081
1082
1082
1083
1084
1084
1085
1085
1085
1087
1091
1091
1097
1097
1097
1098
1098
1099
1099
1099
1099
1100
1101
1101
1102
1103
1103
1104
1104
1105
1105
1105
1106
1107
1111
1111
1112
1116
1116
1117
1118
1118
1119
1120
1122
1123
1124
1124
1125
1126
1128
1129
1130
1130
1131
1133
1133
1134
1135
1136
1137
1138
1139
1139
1142
1142
1142
1143
1147
1148
1148
1150
1151
1151
1153
1153
1154
1154
1159
1160
1160
1161
1162
1162
1165
1166
1167
1170
1171
1172
1173
1174
1176
1176
1176
1180
1183
1184
1184
1184
1186
1186
1188
1192
1194
1197
1199
1202
1203
1204
1204
1205
1205
1207
1207
1210
1210
1212
1212
1212
1213
1213
1214
1216
1216
1216
1218
1218
1219
1219
1220
1220
1221
1221
1222
1223
1226
1226
1228
1230
1231
1231
1233
1236
1238
1239
1240
1240
1242
1243
1244
1247
1248
1249
1249
1250
1250
1251
1252
1253
1254
1255
1255
1256
1256
1259
1261
1261
1261
1262
1262
1263
1264
1265
1266
1268
1268
1269
1269
1271
1272
1273
1274
1276
1279
1279
1281
1281
1282
1282
1282
1283
1284
1285
1285
1285
1286
1286
1286
1286
1286
1287
1288
1288
1288
1289
1290
1291
1292
1293
1293
1296
1296
1297
1298
1299
1299
1300
1300
1302
1305
1306
1306
1307
1307
1307
1312
1312
1314
1315
1316
1317
1317
1318
1318
1320
1320
1321
1322
1323
1324
1325
1325
1325
1325
1326
1328
1328
1329
1330
1330
1331
1334
1335
1336
1340
1341
1342
1343
1344
1346
1346
1346
1347
1347
1348
1352
1352
1354
1355
1355
1355
1356
1356
1361
1362
1362
1363
1363
1364
1368
1372
1372
1373
1376
1376
1378
1379
1380
1381
1382
1383
1385
1385
1385
1389
1390
1392
1393
1395
1395
1395
1396
1399
1399
1400
1400
1401
1402
1402
1402
1402
1404
1405
1405
1406
1406
1407
1408
1409
1411
1412
1412
1413
1413
1414
1418
1418
1418
1418
1418
1419
1420
1423
1425
1428
1429
1431
1431
1431
1432
1432
1432
1433
1433
1434
1434
1435
1437
1438
1440
1440
1440
1440
1441
1441
1445
1445
1450
1450
1450
1450
1451
1454
1455
1456
1457
1460
1460
1464
1466
1466
1467
1468
1468
1469
1472
1472
1474
1475
1476
1479
1480
1481
1481
1482
1482
1487
1490
1492
1493
1493
1494
1494
1497
1497
1498
1500
1505
1507
1510
1511
1511
1512
1512
1513
1517
1517
1518
1519
1520
1520
1520
1521
1521
1522
1522
1523
1524
1525
1525
1525
1525
1527
1527
1527
1528
1528
1529
1529
1530
1531
1532
1533
1534
1535
1536
1541
1544
1544
1544
1545
1545
1546
1547
1548
1549
1551
1551
1553
1553
1553
1553
1554
1555
1555
1556
1556
1556
1557
1558
1559
1560
1560
1561
1561
1562
1564
1564
1564
1565
1566
1566
1567
1567
1567
1568
1568
1569
1569
1570
1570
1571
1572
1575
1577
1577
1580
1582
1583
1585
1585
1586
1587
1588
1588
1589
1589
1589
1590
1590
1591
1592
1593
1594
1595
1595
1596
1599
1600
1603
1605
1605
1606
1607
1609
1609
1609
1609
1610
1611
1613
1615
1616
1616
1619
1620
1621
1622
1623
1624
1624
1627
1629
1629
1629
1629
1631
1632
1633
1633
1634
1637
1639
1640
1640
1641
1643
1643
1647
1647
1648
1649
1649
1649
1651
1652
1653
1654
1656
1657
1657
1657
1658
1658
1658
1658
1659
1659
1659
1661
1663
1665
1666
1668
1668
1669
1669
1669
1672
1672
1673
1673
1673
1673
1675
1677
1679
1681
1682
1684
1686
1686
1687
1687
1687
1688
1690
1691
1692
1692
1694
1694
1696
1696
1697
1698
1699
1699
1701
1701
1702
1702
1702
1703
1704
1705
1706
1706
1706
1707
1707
1707
1708
1708
1709
1709
1710
1712
1713
1714
1714
1716
1717
1717
1718
1719
1719
1721
1721
1721
1724
1724
1724
1725
1726
1727
1727
1732
1733
1734
1735
1735
1737
1738
1738
1738
1739
1739
1741
1741
1743
1743
1743
1744
1744
1745
1747
1748
1748
1749
1750
1753
1753
1754
1755
1755
1755
1755
1755
1756
1756
1757
1760
1761
1762
1762
1762
1763
1763
1763
1764
1764
1764
1767
1767
1767
1768
1768
1768
1770
1773
1773
1774
1774
1774
1775
1776
1776
1777
1782
1784
1785
1785
1786
1786
1787
1788
1788
1790
1790
1790
1790
1791
1793
1798
1799
1800
1800
1802
1802
1804
1805
1806
1806
1806
1807
1809
1809
1810
1810
1810
1813
1813
1815
1815
1819
1823
1824
1824
1825
1825
1826
1829
1830
1830
1830
1831
1831
1831
1832
1833
1834
1834
1836
1836
1836
1837
1837
1837
1840
1842
1844
1846
1850
1850
1850
1851
1851
1854
1854
1856
1859
1860
1860
1861
1864
1864
1866
1867
1868
1869
1870
1871
1871
1872
1872
1873
1874
1875
1875
1875
1878
1880
1880
1880
1881
1882
1884
1884
1884
1884
1886
1887
1887
1887
1887
1887
1888
1889
1889
1890
1891
1892
1893
1893
1894
1896
1896
1897
1897
1898
1900
1900
1902
1902
1907
1907
1907
1908
1910
1911
1912
1912
1913
1913
1913
1914
1914
1915
1915
1917
1917
1918
1919
1920
1920
1921
1921
1922
1925
1925
1927
1928
1928
1929
1930
1931
1931
1932
1934
1937
1937
1941
1941
1942
1942
1944
1944
1947
1949
1950
1951
1951
1953
1953
1954
1959
1959
1960
1963
1965
1965
1966
1966
1967
1968
1969
1970
1971
1973
1975
1975
1976
1978
1978
1979
1979
1979
1980
1980
1983
1985
1985
1985
1988
1988
1989
1996
1999
1999
2003
2005
2005
2007
2008
2009
2009
2011
2011
2012
2012
2013
2013
2014
2014
2015
2016
2017
2018
2018
2019
2021
2022
2024
2024
2025
2027
2027
2028
2029
2029
2030
2031
2032
2035
2035
2036
2037
2037
2038
2038
2042
2043
2043
2043
2044
2044
2045
2045
2045
2046
2046
2046
2046
2046
2046
2049
2052
2052
2052
2053
2053
2055
2055
2056
2057
2057
2057
2057
2059
2060
2063
2064
2064
2065
2066
2068
2068
2068
2069
2069
2070
2075
2076
2076
2077
2077
2077
2079
2081
2082
2083
2084
2085
2085
2086
2086
2088
2088
2089
2090
2090
2091
2091
2092
2092
2092
2093
2094
2096
2099
2099
2099
2100
2100
2104
2105
2107
2108
2108
2110
2110
2111
2114
2114
2117
2118
2120
2120
2121
2124
2125
2125
2126
2126
2126
2126
2128
2128
2129
2131
2131
2131
2131
2132
2132
2132
2133
2134
2135
2136
2136
2138
2139
2140
2141
2142
2143
2143
2144
2144
2144
2147
2148
2150
2150
2154
2154
2157
2157
2158
2158
2159
2159
2160
2161
2161
2162
2163
2163
2163
2163
2164
2164
2164
2167
2167
2167
2170
2173
2176
2176
2176
2178
2179
2179
2183
2185
2188
2189
2189
2191
2192
2193
2195
2196
2198
2199
2200
2201
2203
2203
2204
2204
2206
2207
2208
2208
2209
2210
2211
2211
2211
2213
2213
2214
2216
2216
2218
2221
2222
2224
2225
2225
2226
2227
2228
2228
2229
2230
2233
2233
2234
2236
2236
2241
2242
2244
2245
2247
2249
2251
2252
2253
2255
2256
2257
2257
2259
2261
2262
2263
2264
2264
2266
2266
2267
2268
2269
2269
2270
2270
2271
2271
2272
2274
2274
2275
2277
2279
2281
2284
2285
2286
2287
2287
2288
2288
2288
2289
2290
2291
2292
2292
2295
2296
2299
2300
2301
2302
2306
2307
2308
2308
2309
2309
2311
2316
2316
2317
2317
2319
2319
2319
2320
2320
2321
2322
2323
2327
2327
2331
2331
2332
2333
2333
2336
2336
2339
2340
2342
2342
2343
2344
2348
2348
2349
2350
2351
2351
2352
2352
2353
2353
2354
2355
2357
2358
2360
2361
2363
2363
2364
2365
2365
2365
2366
2368
2369
2369
2369
2369
2370
2370
2371
2372
2372
2374
2374
2374
2375
2376
2378
2378
2379
2384
2384
2385
2388
2391
2391
2393
2395
2396
2399
2400
2400
2401
2402
2402
2403
2404
2404
2405
2405
2407
2408
2408
2409
2410
2412
2412
2412
2414
2415
2416
2416
2417
2417
2418
2419
2420
2420
2420
2421
2421
2422
2422
2423
2423
2423
2423
2424
2424
2424
2425
2426
2428
2429
2430
2433
2434
2434
2435
2435
2436
2437
2440
2441
2443
2444
2445
2445
2445
2445
2446
2446
2449
2450
2453
2455
2456
2456
2460
2460
2461
2462
2462
2463
2464
2466
2468
2469
2471
2471
2473
2474
2474
2474
2474
2477
2477
2477
2478
2479
2480
2481
2481
2489
2489
2490
2491
2492
2493
2493
2494
2495
2496
2496
2498
2498
2498
2498
2499
2503
2503
2506
2508
2509
2511
2512
2513
2513
2514
2514
2515
2516
2517
2517
2518
2518
2520
2520
2520
2520
2522
2523
2524
2524
2525
2525
2526
2527
2528
2528
2530
2531
2532
2533
2533
2533
2533
2533
2536
2537
2538
2538
2538
2539
2540
2540
2540
2541
2542
2543
2546
2550
2550
2550
2554
2554
2555
2555
2556
2557
2558
2558
2558
2558
2559
2559
2559
2561
2563
2565
2567
2567
2569
2572
2572
2572
2575
2575
2575
2576
2578
2579
2580
2581
2582
2583
2584
2584
2587
2587
2589
2590
2592
2593
2596
2598
2598
2600
2603
2604
2604
2606
2607
2610
2613
2615
2616
2616
2618
2618
2618
2619
2621
2623
2623
2624
2625
2627
2630
2630
2633
2634
2635
2635
2636
2636
2637
2637
2639
2640
2640
2640
2641
2641
2643
2645
2646
2647
2649
2651
2651
2652
2653
2654
2654
2655
2655
2655
2658
2658
2660
2662
2663
2663
2664
2665
2666
2666
2666
2668
2669
2670
2671
2671
2673
2674
2674
2676
2676
2677
2679
2679
2679
2679
2680
2681
2682
2682
2684
2685
2685
2687
2688
2688
2689
2689
2690
2691
2691
2692
2694
2695
2696
2697
2697
2698
2700
2702
2702
2703
2703
2705
2705
2707
2707
2709
2710
2711
2711
2711
2712
2712
2713
2714
2715
2715
2718
2718
2720
2722
2724
2725
2727
2730
2732
2733
2736
2736
2736
2742
2742
2743
2745
2746
2747
2748
2750
2750
2751
2752
2753
2754
2754
2754
2755
2756
2757
2758
2759
2760
2763
2764
2767
2769
2769
2770
2770
2771
2771
2773
2773
2773
2773
2775
2776
2777
2777
2777
2777
2777
2778
2779
2779
2780
2780
2781
2782
2783
2785
2786
2786
2787
2789
2789
2790
2792
2792
2793
2793
2794
2794
2794
2794
2795
2797
2800
2800
2801
2801
2802
2802
2804
2805
2805
2806
2807
2807
2813
2813
2813
2813
2815
2816
2818
2820
2823
2823
2825
2825
2826
2827
2828
2832
2834
2835
2838
2841
2842
2843
2844
2845
2846
2848
2848
2849
2849
2849
2850
2852
2852
2854
2855
2855
2855
2856
2861
2861
2861
2861
2862
2862
2863
2863
2864
2865
2865
2866
2868
2868
2870
2870
2871
2872
2874
2876
2878
2879
2879
2879
2881
2881
2881
2882
2882
2882
2884
2887
2889
2893
2893
2893
2895
2895
2896
2897
2897
2898
2899
2899
2901
2901
2901
2902
2903
2904
2905
2905
2908
2908
2909
2910
2911
2912
2913
2914
2916
2917
2919
2919
2922
2924
2925
2925
2928
2930
2933
2933
2933
2933
2935
2937
2938
2940
2941
2941
2942
2943
2946
2948
2950
2956
2957
2957
2958
2958
2959
2961
2961
2961
2962
2963
2964
2964
2965
2966
2967
2967
2967
2969
2972
2972
2973
2973
2974
2976
2977
2978
2981
2982
2982
2984
2986
2987
2988
2988
2989
2989
2991
2992
2992
2996
2996
2998
3000
3000
3004
3004
3005
3006
3007
3007
3007
3007
3009
3011
3017
3019
3022
3025
3025
3026
3028
3029
3029
3030
3030
3030
3031
3031
3031
3033
3033
3038
3039
3040
3040
3040
3041
3042
3042
3043
3044
3044
3045
3047
3048
3049
3049
3050
3050
3051
3051
3052
3054
3054
3057
3060
3061
3062
3064
3068
3069
3072
3072
3073
3075
3076
3076
3076
3077
3078
3078
3078
3078
3079
3080
3082
3084
3085
3086
3087
3088
3091
3092
3092
3093
3094
3094
3095
3095
3096
3099
3103
3104
3105
3106
3108
3108
3110
3110
3111
3111
3112
3113
3113
3114
3115
3118
3119
3120
3120
3123
3123
3125
3125
3126
3129
3129
3130
3132
3135
3136
3136
3136
3140
3140
3140
3142
3142
3143
3144
3145
3146
3146
3148
3151
3155
3155
3156
3156
3156
3156
3159
3160
3160
3163
3165
3165
3166
3167
3171
3172
3172
3173
3174
3174
3175
3177
3177
3178
3181
3181
3182
3184
3184
3184
3184
3185
3187
3189
3190
3191
3195
3197
3198
3200
3201
3204
3210
3211
3213
3214
3215
3216
3218
3218
3218
3218
3219
3220
3220
3220
3221
3223
3223
3224
3225
3226
3227
3227
3229
3229
3229
3230
3232
3233
3234
3236
3236
3239
3242
3242
3243
3248
3248
3249
3251
3251
3252
3253
3254
3254
3257
3257
3258
3259
3260
3262
3263
3264
3264
3265
3268
3268
3269
3269
3269
3271
3271
3272
3273
3274
3274
3274
3274
3275
3278
3278
3278
3279
3281
3284
3285
3286
3287
3287
3288
3289
3289
3290
3291
3291
3292
3292
3294
3294
3294
3296
3296
3296
3297
3297
3300
3301
3301
3303
3303
3305
3306
3306
3307
3308
3310
3310
3312
3312
3314
3317
3319
3320
3322
3323
3327
3329
3329
3331
3331
3332
3332
3333
3334
3334
3334
3335
3336
3336
3337
3337
3342
3343
3344
3344
3346
3347
3348
3351
3352
3352
3352
3353
3353
3354
3356
3357
3357
3358
3360
3360
3362
3365
3367
3367
3368
3371
3371
3374
3375
3375
3376
3376
3376
3376
3377
3378
3380
3381
3383
3384
3385
3385
3385
3386
3387
3388
3388
3389
3391
3391
3394
3395
3396
3396
3397
3397
3397
3398
3398
3399
3402
3402
3403
3404
3405
3406
3407
3409
3410
3416
3417
3417
3420
3423
3423
3423
3423
3424
3425
3425
3425
3426
3428
3429
3433
3434
3435
3435
3436
3438
3438
3442
3442
3443
3443
3444
3444
3446
3446
3446
3448
3450
3453
3456
3456
3459
3459
3460
3460
3461
3462
3464
3465
3466
3467
3471
3471
3471
3473
3473
3474
3475
3475
3476
3477
3479
3481
3482
3482
3486
3487
3488
3489
3489
3491
3492
3494
3494
3494
3495
3495
3496
3498
3499
3499
3500
3502
3502
3504
3504
3504
3506
3507
3508
3508
3509
3510
3513
3514
3514
3516
3516
3516
3516
3519
3519
3521
3521
3521
3521
3522
3522
3522
3523
3524
3525
3525
3525
3526
3528
3528
3528
3528
3529
3530
3530
3530
3532
3533
3535
3537
3538
3538
3538
3543
3543
3544
3544
3548
3548
3550
3550
3552
3553
3554
3555
3555
3556
3557
3558
3559
3560
3561
3561
3563
3563
3565
3565
3566
3567
3568
3568
3569
3569
3569
3569
3570
3571
3571
3571
3572
3572
3573
3574
3576
3576
3577
3577
3578
3579
3581
3582
3582
3582
3583
3584
3584
3586
3587
3589
3589
3590
3590
3591
3593
3594
3594
3594
3594
3595
3596
3598
3598
3599
3599
3600
3600
3601
3601
3601
3602
3603
3603
3605
3606
3607
3609
3609
3610
3611
3612
3612
3613
3613
3614
3615
3616
3617
3619
3620
3621
3623
3624
3625
3625
3625
3625
3627
3627
3627
3628
3630
3631
3634
3635
3635
3636
3639
3639
3639
3641
3641
3641
3642
3642
3644
3645
3646
3648
3650
3652
3652
3653
3654
3656
3658
3659
3661
3661
3663
3664
3667
3668
3668
3671
3673
3673
3675
3680
3683
3683
3684
3686
3686
3687
3687
3689
3690
3691
3692
3693
3693
3696
3696
3698
3699
3700
3703
3704
3705
3706
3707
3707
3707
3708
3709
3710
3712
3712
3714
3715
3716
3719
3719
3720
3721
3721
3722
3723
3723
3724
3726
3726
3727
3728
3729
3729
3729
3730
3731
3733
3734
3734
3734
3734
3734
3736
3737
3738
3738
3740
3742
3742
3742
3743
3744
3745
3746
3746
3747
3747
3748
3748
3749
3749
3750
3750
3750
3751
3752
3754
3757
3758
3759
3759
3759
3760
3762
3762
3762
3764
3765
3765
3766
3767
3767
3768
3768
3769
3771
3773
3776
3777
3777
3777
3779
3779
3779
3780
3783
3784
3786
3786
3787
3788
3788
3789
3790
3791
3792
3793
3794
3795
3796
3797
3797
3798
3799
3799
3800
3801
3801
3802
3802
3802
3803
3803
3804
3805
3808
3810
3811
3812
3813
3814
3815
3816
3816
3817
3817
3817
3817
3820
3821
3822
3822
3825
3825
3825
3826
3828
3829
3829
3829
3830
3830
3830
3831
3831
3832
3834
3834
3836
3836
3836
3839
3839
3840
3843
3843
3846
3847
3847
3847
3848
3850
3852
3853
3856
3857
3857
3858
3858
3858
3859
3860
3864
3864
3867
3867
3867
3868
3869
3870
3871
3874
3874
3875
3877
3877
3877
3881
3881
3882
3883
3885
3885
3887
3889
3889
3890
3890
3890
3893
3895
3898
3899
3899
3901
3902
3903
3904
3904
3904
3904
3906
3907
3909
3909
3909
3910
3911
3912
3913
3914
3914
3915
3917
3919
3920
3920
3921
3921
3923
3924
3924
3925
3925
3927
3928
3928
3929
3929
3931
3931
3932
3932
3934
3934
3934
3938
3938
3938
3939
3939
3940
3941
3941
3943
3943
3943
3945
3945
3946
3947
3948
3950
3952
3952
3953
3955
3955
3955
3957
3959
3959
3959
3959
3959
3961
3961
3962
3962
3963
3963
3965
3965
3965
3966
3967
3967
3968
3968
3968
3968
3968
3969
3969
3969
3970
3970
3973
3973
3976
3977
3978
3979
3979
3980
3981
3981
3982
3983
3983
3986
3987
3988
3989
3992
3993
3996
3996
3999
4000
4000
4000
4000
4002
4004
4005
4006
4007
4007
4008
4009
4011
4012
4012
4013
4015
4019
4019
4019
4022
4023
4023
4024
4026
4026
4027
4027
4028
4029
4030
4030
4032
4032
4032
4033
4034
4035
4036
4037
4038
4039
4041
4041
4041
4042
4043
4043
4044
4044
4046
4047
4048
4048
4049
4053
4053
4054
4054
4054
4057
4062
4063
4063
4063
4064
4066
4066
4067
4067
4068
4068
4070
4070
4076
4077
4077
4077
4078
4079
4081
4084
4084
4087
4088
4089
4089
4089
4093
4098
4100
4102
4103
4104
4104
4105
4105
4105
4108
4108
4109
4109
4110
4111
4111
4112
4113
4113
4115
4116
4116
4119
4119
4120
4122
4124
4126
4126
4126
4129
4129
4129
4130
4131
4132
4133
4134
4135
4136
4137
4138
4138
4138
4138
4140
4143
4145
4146
4148
4148
4150
4152
4154
4157
4158
4158
4159
4159
4161
4161
4162
4163
4165
4165
4168
4169
4170
4171
4171
4171
4172
4173
4174
4175
4175
4177
4179
4179
4179
4179
4180
4181
4184
4184
4186
4186
4186
4186
4188
4189
4189
4189
4191
4193
4194
4194
4199
4201
4201
4202
4202
4203
4204
4206
4208
4208
4211
4213
4214
4215
4215
4215
4218
4219
4220
4221
4221
4222
4225
4225
4226
4230
4230
4231
4231
4232
4232
4233
4237
4237
4238
4238
4239
4243
4244
4244
4245
4246
4247
4248
4249
4250
4251
4253
4253
4253
4255
4258
4258
4258
4259
4260
4261
4261
4261
4263
4264
4265
4267
4267
4269
4269
4270
4272
4272
4272
4274
4274
4276
4277
4278
4280
4280
4281
4282
4282
4282
4284
4284
4284
4287
4289
4290
4290
4290
4291
4293
4294
4295
4295
4296
4296
4297
4297
4298
4298
4299
4300
4301
4303
4304
4306
4307
4308
4308
4308
4310
4310
4315
4316
4316
4318
4321
4322
4322
4324
4324
4325
4327
4328
4328
4328
4330
4330
4331
4332
4333
4333
4334
4334
4335
4336
4340
4340
4341
4341
4342
4344
4344
4344
4345
4348
4350
4350
4351
4353
4355
4356
4356
4359
4359
4360
4363
4363
4363
4364
4364
4367
4367
4368
4370
4371
4374
4376
4376
4376
4377
4377
4377
4378
4378
4379
4379
4380
4381
4381
4383
4384
4384
4384
4385
4385
4388
4389
4390
4391
4392
4395
4397
4397
4397
4399
4399
4400
4402
4403
4405
4405
4408
4409
4409
4410
4410
4411
4415
4417
4419
4419
4419
4419
4419
4420
4420
4421
4421
4421
4422
4423
4423
4425
4425
4426
4428
4428
4431
4432
4433
4434
4434
4435
4435
4435
4437
4439
4439
4441
4446
4447
4448
4450
4451
4451
4451
4452
4452
4453
4453
4454
4454
4456
4457
4459
4459
4462
4463
4463
4464
4465
4465
4466
4467
4467
4469
4469
4471
4471
4471
4473
4473
4474
4475
4477
4477
4480
4481
4481
4482
4482
4484
4485
4486
4487
4488
4491
4491
4494
4497
4498
4498
4500
4503
4503
4504
4507
4509
4509
4510
4511
4511
4512
4514
4514
4518
4519
4519
4520
4520
4520
4521
4522
4523
4524
4526
4530
4530
4531
4532
4532
4533
4534
4535
4535
4535
4535
4536
4536
4537
4537
4538
4539
4539
4543
4545
4547
4548
4548
4548
4549
4550
4550
4551
4553
4553
4554
4556
4557
4559
4559
4560
4561
4562
4564
4564
4565
4565
4568
4568
4569
4569
4569
4569
4569
4571
4571
4574
4575
4576
4578
4578
4579
4580
4580
4580
4581
4584
4588
4589
4590
4590
4591
4591
4591
4593
4594
4597
4599
4600
4601
4601
4602
4603
4603
4604
4605
4606
4607
4608
4609
4611
4612
4612
4613
4613
4613
4614
4616
4616
4619
4620
4620
4621
4621
4621
4622
4622
4622
4623
4623
4624
4624
4626
4627
4627
4628
4628
4629
4631
4633
4633
4633
4634
4635
4635
4636
4636
4637
4637
4638
4638
4640
4640
4640
4641
4641
4642
4642
4643
4645
4645
4645
4647
4648
4648
4649
4649
4651
4652
4653
4653
4657
4658
4658
4660
4660
4661
4662
4666
4667
4668
4671
4671
4674
4676
4678
4678
4679
4680
4681
4682
4682
4683
4683
4684
4685
4686
4687
4687
4687
4687
4688
4688
4688
4690
4690
4691
4692
4693
4695
4702
4702
4703
4705
4705
4707
4707
4707
4708
4709
4710
4711
4712
4715
4716
4717
4717
4718
4719
4721
4722
4722
4722
4723
4724
4724
4726
4726
4726
4727
4728
4731
4732
4732
4733
4734
4735
4736
4737
4738
4740
4741
4741
4743
4743
4746
4746
4749
4749
4751
4752
4756
4756
4757
4759
4759
4760
4761
4761
4762
4763
4765
4766
4766
4768
4768
4770
4771
4771
4771
4772
4773
4773
4773
4775
4779
4779
4779
4780
4780
4784
4786
4786
4786
4787
4787
4788
4789
4790
4791
4792
4793
4795
4796
4797
4798
4799
4803
4803
4804
4805
4806
4809
4811
4811
4812
4812
4818
4819
4819
4819
4819
4820
4821
4821
4822
4824
4824
4826
4827
4827
4827
4831
4832
4835
4836
4836
4836
4836
4837
4840
4842
4842
4845
4847
4849
4849
4851
4853
4854
4854
4855
4855
4855
4859
4860
4861
4861
4862
4862
4863
4864
4864
4865
4867
4867
4867
4869
4872
4872
4872
4874
4875
4877
4877
4879
4881
4884
4884
4884
4885
4885
4886
4886
4888
4888
4889
4889
4889
4889
4890
4891
4891
4892
4892
4893
4895
4895
4896
4897
4897
4897
4898
4898
4898
4900
4902
4902
4904
4905
4905
4905
4906
4906
4909
4911
4912
4913
4915
4917
4917
4917
4918
4919
4919
4920
4920
4921
4921
4922
4922
4922
4924
4926
4928
4931
4934
4940
4941
4943
4943
4946
4946
4948
4950
4950
4951
4953
4954
4954
4955
4955
4955
4958
4958
4959
4959
4962
4964
4964
4964
4965
4966
4966
4966
4967
4968
4971
4971
4972
4977
4980
4980
4981
4983
4984
4986
4988
4990
4993
4997
4998
4998
4998
4998
4999
4999
5001
5001
5003
5003
5003
5005
5006
5006
5006
5008
5009
5011
5011
5012
5013
5014
5015
5015
5017
5019
5022
5022
5022
5022
5023
5023
5024
5025
5026
5026
5027
5027
5027
5029
5030
5030
5030
5031
5033
5035
5035
5038
5038
5040
5041
5041
5042
5043
5044
5048
5048
5049
5050
5050
5051
5052
5056
5057
5057
5058
5059
5059
5059
5060
5060
5062
5064
5066
5068
5068
5068
5069
5070
5070
5070
5070
5070
5071
5074
5074
5076
5080
5080
5080
5081
5081
5083
5085
5085
5085
5086
5087
5087
5089
5090
5091
5092
5093
5094
5094
5095
5096
5098
5101
5101
5101
5103
5104
5105
5106
5106
5107
5108
5108
5109
5110
5111
5111
5113
5113
5115
5117
5119
5121
5121
5122
5126
5128
5129
5130
5130
5131
5131
5131
5132
5132
5132
5133
5133
5134
5135
5135
5136
5136
5138
5138
5140
5140
5140
5142
5142
5143
5143
5145
5147
5147
5147
5151
5151
5153
5153
5154
5154
5158
5159
5160
5165
5168
5168
5169
5170
5171
5171
5173
5173
5173
5174
5175
5175
5176
5180
5181
5182
5183
5183
5184
5188
5188
5190
5190
5190
5190
5190
5191
5192
5192
5193
5193
5194
5196
5197
5197
5197
5200
5202
5203
5204
5204
5206
5206
5207
5209
5211
5212
5212
5214
5215
5215
5216
5216
5217
5217
5219
5221
5223
5225
5226
5226
5226
5226
5226
5226
5227
5228
5228
5230
5231
5231
5231
5231
5235
5237
5237
5238
5240
5242
5245
5245
5247
5248
5248
5250
5250
5250
5252
5252
5253
5253
5254
5254
5254
5255
5255
5257
5258
5262
5262
5264
5266
5267
5270
5270
5273
5273
5274
5275
5276
5280
5282
5282
5282
5283
5283
5284
5284
5285
5286
5286
5286
5286
5288
5288
5292
5292
5292
5294
5295
5295
5295
5296
5297
5298
5298
5301
5302
5303
5304
5304
5307
5310
5310
5310
5311
5312
5312
5313
5313
5314
5314
5314
5315
5316
5317
5317
5318
5319
5319
5321
5321
5321
5322
5322
5323
5323
5323
5324
5324
5324
5326
5327
5328
5328
5329
5329
5329
5329
5331
5332
5332
5332
5334
5334
5335
5336
5336
5339
5339
5340
5341
5341
5342
5342
5344
5345
5346
5347
5348
5349
5349
5350
5351
5351
5357
5359
5361
5362
5364
5368
5368
5369
5370
5370
5371
5372
5372
5372
5372
5373
5374
5375
5375
5378
5379
5379
5380
5381
5381
5382
5383
5383
5385
5385
5386
5386
5388
5389
5390
5390
5391
5392
5392
5394
5395
5396
5398
5399
5400
5401
5402
5402
5403
5404
5405
5408
5409
5411
5415
5415
5415
5416
5419
5422
5422
5424
5424
5424
5424
5425
5425
5425
5427
5428
5428
5428
5429
5429
5430
5431
5432
5433
5433
5435
5436
5436
5436
5437
5439
5439
5439
5440
5442
5442
5443
5444
5444
5445
5445
5446
5446
5446
5448
5450
5450
5451
5452
5452
5454
5454
5456
5456
5459
5460
5461
5464
5464
5465
5465
5467
5467
5467
5468
5470
5470
5474
5475
5476
5478
5479
5479
5480
5480
5481
5483
5483
5483
5485
5486
5486
5487
5488
5489
5490
5491
5491
5492
5492
5492
5494
5495
5496
5497
5500
5501
5502
5502
5502
5502
5503
5505
5506
5506
5506
5506
5507
5508
5511
5512
5513
5514
5515
5516
5516
5518
5519
5520
5521
5522
5523
5524
5524
5524
5526
5526
5527
5528
5529
5532
5532
5535
5535
5536
5540
5540
5542
5545
5545
5547
5548
5549
5549
5550
5551
5554
5555
5556
5557
5558
5559
5562
5562
5564
5564
5565
5565
5566
5567
5568
5570
5572
5572
5572
5572
5573
5573
5575
5576
5576
5577
5577
5577
5578
5579
5580
5580
5581
5582
5582
5583
5584
5585
5588
5589
5589
5591
5592
5592
5593
5593
5594
5597
5597
5599
5599
5599
5600
5600
5600
5601
5601
5601
5602
5602
5603
5604
5604
5604
5606
5608
5609
5610
5610
5611
5611
5613
5614
5615
5615
5618
5620
5621
5623
5624
5626
5626
5628
5632
5632
5635
5635
5635
5636
5637
5638
5638
5638
5639
5640
5641
5641
5642
5646
5646
5648
5649
5649
5651
5654
5655
5656
5657
5660
5660
5663
5664
5666
5668
5673
5673
5674
5675
5675
5677
5678
5678
5679
5680
5682
5682
5685
5685
5686
5687
5688
5688
5689
5690
5690
5691
5691
5692
5693
5696
5697
5698
5699
5699
5701
5701
5701
5702
5702
5705
5709
5710
5710
5711
5711
5711
5712
5713
5713
5713
5714
5714
5715
5716
5716
5717
5721
5722
5723
5723
5723
5727
5727
5728
5729
5729
5730
5731
5732
5732
5733
5733
5735
5735
5736
5737
5737
5738
5738
5738
5739
5741
5742
5742
5742
5742
5743
5743
5744
5744
5745
5746
5746
5746
5747
5752
5754
5756
5758
5758
5759
5762
5763
5765
5766
5766
5767
5768
5768
5769
5769
5769
5770
5770
5772
5773
5774
5774
5775
5776
5776
5776
5778
5778
5779
5779
5780
5782
5782
5783
5784
5784
5784
5786
5786
5787
5787
5787
5788
5789
5790
5796
5799
5799
5800
5801
5802
5803
5804
5806
5807
5807
5814
5814
5815
5816
5817
5818
5818
5819
5820
5822
5825
5826
5829
5831
5833
5833
5834
5834
5835
5838
5840
5841
5842
5843
5843
5846
5847
5847
5848
5848
5849
5849
5852
5853
5854
5855
5855
5857
5857
5859
5860
5860
5862
5864
5865
5865
5866
5866
5869
5871
5873
5874
5874
5875
5875
5879
5880
5883
5884
5886
5886
5887
5887
5888
5888
5891
5893
5894
5894
5896
5897
5897
5901
5901
5902
5902
5904
5904
5904
5905
5906
5908
5908
5911
5911
5911
5913
5914
5916
5916
5917
5918
5918
5920
5921
5922
5923
5927
5927
5928
5929
5930
5931
5931
5931
5933
5934
5934
5936
5937
5937
5941
5942
5943
5945
5945
5947
5947
5947
5948
5950
5953
5957
5958
5959
5959
5960
5960
5961
5963
5967
5967
5967
5968
5968
5968
5970
5972
5973
5976
5976
5978
5980
5982
5982
5983
5983
5987
5989
5993
5995
5996
5997
5998
5999
6000
6000
6000
6000
6001
6002
6002
6003
6003
6003
6004
6008
6009
6009
6009
6009
6009
6010
6010
6010
6013
6016
6017
6022
6022
6022
6022
6024
6024
6025
6027
6028
6030
6032
6033
6037
6038
6038
6040
6040
6040
6041
6041
6042
6042
6043
6043
6045
6046
6049
6049
6050
6052
6054
6055
6055
6055
6056
6056
6058
6059
6059
6060
6061
6062
6062
6063
6064
6066
6067
6067
6068
6068
6068
6070
6070
6072
6073
6073
6074
6075
6075
6075
6077
6078
6078
6079
6080
6080
6083
6084
6084
6085
6086
6087
6087
6087
6087
6087
6091
6094
6095
6096
6097
6098
6099
6099
6099
6100
6101
6102
6103
6103
6104
6104
6104
6106
6106
6106
6108
6110
6112
6112
6113
6114
6116
6121
6125
6125
6127
6128
6128
6130
6133
6134
6135
6136
6136
6137
6139
6140
6140
6140
6140
6141
6142
6144
6146
6151
6151
6152
6153
6153
6153
6154
6154
6155
6157
6157
6158
6160
6161
6161
6168
6169
6170
6170
6170
6171
6171
6174
6174
6177
6178
6178
6179
6182
6183
6183
6184
6184
6185
6186
6188
6188
6188
6188
6189
6191
6192
6192
6193
6193
6193
6194
6195
6198
6199
6200
6200
6201
6203
6206
6208
6210
6210
6210
6210
6211
6211
6212
6212
6213
6213
6213
6214
6216
6219
6221
6221
6223
6225
6227
6231
6232
6233
6236
6236
6236
6237
6238
6239
6239
6240
6241
6242
6242
6244
6244
6245
6245
6245
6247
6250
6250
6251
6251
6251
6254
6255
6255
6256
6259
6263
6265
6265
6267
6267
6268
6269
6269
6271
6271
6272
6273
6274
6275
6276
6277
6278
6279
6282
6283
6284
6285
6285
6286
6286
6287
6288
6289
6290
6290
6290
6290
6291
6291
6292
6292
6294
6295
6295
6296
6296
6297
6298
6300
6302
6303
6305
6305
6306
6306
6307
6308
6310
6310
6312
6312
6313
6314
6315
6315
6316
6316
6316
6316
6316
6319
6320
6320
6324
6324
6325
6326
6326
6326
6327
6328
6328
6330
6333
6334
6334
6335
6337
6337
6339
6339
6340
6341
6342
6342
6342
6342
6343
6344
6344
6345
6345
6345
6345
6346
6347
6349
6351
6352
6354
6355
6358
6358
6359
6359
6361
6361
6362
6365
6365
6365
6365
6368
6370
6370
6371
6373
6373
6373
6374
6375
6376
6376
6377
6377
6377
6377
6379
6379
6379
6381
6381
6382
6382
6384
6384
6384
6385
6385
6385
6386
6388
6390
6392
6393
6393
6394
6394
6396
6396
6396
6400
6400
6402
6403
6406
6406
6408
6408
6408
6409
6409
6410
6410
6411
6411
6412
6413
6416
6418
6418
6420
6420
6421
6423
6424
6424
6424
6426
6426
6427
6428
6428
6428
6430
6431
6432
6433
6433
6433
6434
6435
6437
6437
6438
6438
6439
6439
6440
6441
6441
6442
6442
6443
6446
6446
6447
6448
6449
6449
6450
6453
6454
6455
6455
6456
6456
6456
6457
6458
6458
6460
6460
6461
6461
6461
6462
6462
6464
6464
6465
6467
6467
6468
6468
6469
6469
6469
6470
6472
6474
6474
6474
6475
6475
6476
6477
6477
6477
6479
6482
6484
6488
6488
6488
6489
6490
6490
6490
6491
6492
6493
6494
6495
6495
6497
6498
6500
6503
6505
6506
6506
6507
6507
6511
6511
6511
6512
6513
6514
6515
6515
6516
6518
6520
6523
6523
6524
6525
6526
6526
6528
6529
6530
6530
6530
6531
6532
6533
6534
6534
6535
6535
6536
6536
6536
6538
6539
6539
6540
6542
6543
6544
6545
6548
6549
6550
6551
6552
6552
6554
6554
6556
6557
6558
6559
6562
6564
6564
6565
6566
6566
6566
6569
6570
6573
6573
6574
6575
6577
6577
6577
6578
6580
6581
6581
6582
6583
6586
6587
6589
6590
6591
6592
6596
6598
6599
6599
6601
6601
6601
6601
6602
6603
6603
6605
6605
6606
6606
6606
6608
6608
6609
6609
6609
6610
6611
6612
6612
6613
6613
6614
6614
6615
6615
6617
6619
6619
6620
6621
6622
6622
6622
6622
6623
6624
6624
6624
6625
6628
6629
6632
6633
6635
6635
6636
6636
6636
6636
6637
6638
6638
6638
6638
6641
6642
6642
6642
6643
6645
6645
6645
6646
6649
6649
6649
6649
6651
6652
6652
6653
6654
6654
6656
6657
6658
6659
6662
6663
6664
6664
6667
6668
6669
6670
6670
6672
6673
6673
6673
6674
6675
6675
6676
6677
6677
6677
6681
6681
6681
6681
6683
6683
6684
6685
6685
6688
6688
6689
6689
6689
6691
6694
6694
6695
6696
6697
6700
6700
6700
6701
6701
6702
6703
6703
6704
6706
6706
6707
6708
6708
6709
6711
6711
6713
6714
6714
6715
6716
6716
6717
6717
6718
6718
6719
6719
6721
6724
6724
6724
6725
6731
6732
6735
6735
6735
6736
6736
6737
6740
6740
6741
6742
6743
6745
6746
6748
6749
6750
6750
6750
6751
6754
6755
6757
6757
6758
6759
6759
6759
6760
6761
6761
6763
6763
6765
6766
6766
6768
6768
6768
6774
6776
6777
6778
6779
6779
6779
6781
6782
6783
6786
6786
6787
6787
6788
6789
6791
6797
6797
6798
6800
6801
6801
6803
6804
6804
6804
6806
6806
6807
6811
6812
6812
6814
6815
6815
6817
6818
6819
6819
6819
6820
6820
6822
6823
6823
6824
6825
6827
6828
6829
6829
6832
6832
6832
6832
6834
6834
6835
6838
6839
6840
6841
6842
6842
6843
6844
6844
6844
6849
6851
6851
6852
6853
6855
6856
6857
6858
6858
6858
6859
6859
6859
6859
6860
6864
6864
6864
6865
6865
6866
6870
6870
6872
6873
6874
6875
6876
6878
6879
6879
6880
6883
6884
6885
6886
6888
6889
6890
6890
6891
6893
6893
6894
6895
6895
6899
6900
6901
6902
6904
6905
6905
6906
6909
6909
6915
6916
6917
6917
6919
6919
6919
6922
6923
6923
6924
6927
6927
6931
6931
6931
6933
6934
6934
6935
6936
6937
6938
6939
6939
6941
6944
6944
6944
6945
6945
6946
6947
6947
6948
6948
6948
6949
6951
6951
6952
6953
6953
6953
6954
6958
6962
6963
6964
6964
6965
6965
6966
6966
6969
6969
6969
6971
6971
6971
6974
6977
6978
6978
6980
6982
6984
6984
6984
6984
6985
6986
6986
6987
6990
6991
6991
6994
6995
6996
6996
6997
6997
6997
6997
6998
7000
7001
7002
7002
7003
7005
7007
7008
7008
7009
7009
7010
7010
7012
7016
7017
7017
7017
7018
7018
7019
7021
7022
7024
7025
7027
7029
7033
7035
7035
7036
7036
7037
7038
7039
7040
7042
7042
7044
7044
7045
7048
7049
7050
7051
7053
7057
7057
7060
7060
7060
7061
7061
7061
7062
7063
7065
7065
7065
7066
7067
7067
7068
7069
7070
7071
7071
7072
7073
7073
7075
7076
7078
7079
7079
7082
7083
7083
7084
7086
7086
7087
7089
7091
7091
7093
7094
7095
7095
7095
7095
7096
7096
7096
7101
7102
7102
7103
7106
7106
7107
7108
7109
7109
7110
7110
7111
7112
7112
7112
7112
7115
7115
7115
7116
7117
7117
7119
7119
7120
7121
7124
7124
7124
7127
7127
7128
7129
7129
7130
7131
7132
7132
7135
7136
7137
7138
7138
7139
7140
7140
7140
7141
7142
7147
7147
7152
7153
7153
7155
7155
7155
7160
7161
7166
7167
7168
7168
7169
7173
7175
7176
7177
7178
7179
7179
7180
7180
7181
7184
7186
7187
7187
7188
7190
7192
7193
7194
7196
7198
7198
7199
7199
7201
7202
7203
7203
7205
7205
7206
7207
7207
7209
7209
7212
7218
7219
7219
7220
7221
7221
7223
7225
7225
7226
7226
7227
7227
7228
7228
7230
7231
7231
7232
7232
7232
7233
7234
7235
7236
7236
7238
7240
7241
7242
7243
7243
7245
7245
7250
7250
7251
7251
7252
7252
7252
7254
7256
7256
7256
7257
7257
7258
7259
7259
7261
7262
7263
7263
7263
7263
7264
7267
7267
7270
7271
7272
7273
7273
7274
7274
7276
7277
7277
7278
7279
7281
7282
7283
7284
7285
7287
7289
7290
7290
7291
7294
7295
7296
7296
7296
7297
7297
7299
7302
7302
7303
7303
7305
7306
7306
7306
7308
7310
7314
7315
7317
7317
7318
7320
7320
7320
7322
7323
7323
7323
7323
7324
7325
7325
7325
7326
7327
7328
7329
7330
7332
7333
7334
7336
7338
7338
7339
7339
7339
7341
7342
7342
7343
7344
7344
7345
7347
7350
7350
7350
7350
7352
7352
7352
7354
7354
7356
7356
7357
7358
7359
7359
7359
7360
7361
7362
7363
7364
7364
7366
7366
7367
7367
7368
7371
7372
7374
7376
7378
7380
7381
7383
7384
7385
7387
7387
7388
7389
7389
7389
7389
7392
7392
7394
7395
7396
7397
7397
7398
7398
7399
7401
7401
7402
7403
7403
7404
7405
7405
7406
7407
7410
7411
7412
7413
7414
7415
7415
7416
7416
7417
7418
7419
7421
7422
7426
7427
7427
7430
7430
7431
7432
7433
7434
7434
7434
7436
7437
7439
7441
7441
7442
7442
7445
7447
7449
7449
7449
7450
7452
7453
7453
7454
7455
7455
7457
7458
7458
7459
7461
7461
7462
7463
7465
7466
7466
7468
7469
7469
7470
7471
7471
7472
7473
7474
7474
7476
7476
7476
7477
7478
7479
7479
7480
7480
7482
7482
7482
7483
7484
7485
7485
7485
7486
7486
7488
7489
7489
7490
7491
7492
7493
7493
7494
7494
7495
7497
7497
7498
7499
7500
7501
7501
7502
7503
7504
7505
7507
7508
7508
7508
7508
7509
7509
7510
7511
7511
7512
7513
7513
7513
7518
7519
7520
7520
7522
7522
7524
7525
7527
7528
7528
7529
7530
7531
7532
7532
7533
7536
7538
7538
7539
7540
7541
7542
7543
7543
7544
7544
7545
7545
7546
7546
7548
7550
7550
7551
7553
7554
7555
7557
7558
7558
7561
7562
7563
7566
7568
7568
7569
7569
7570
7570
7570
7571
7572
7573
7573
7573
7574
7575
7576
7577
7578
7581
7581
7585
7585
7586
7589
7589
7589
7590
7590
7591
7591
7591
7592
7595
7595
7599
7601
7603
7608
7611
7612
7613
7613
7614
7614
7614
7615
7617
7618
7619
7620
7620
7622
7623
7623
7623
7624
7627
7627
7629
7629
7630
7631
7632
7632
7632
7633
7634
7634
7635
7636
7636
7637
7637
7640
7641
7641
7643
7645
7645
7645
7645
7646
7646
7646
7649
7649
7650
7650
7652
7652
7653
7655
7659
7660
7661
7663
7664
7664
7664
7667
7667
7668
7670
7672
7673
7673
7675
7676
7677
7678
7678
7680
7680
7681
7683
7683
7683
7683
7684
7684
7685
7686
7688
7688
7688
7689
7690
7690
7690
7691
7692
7692
7697
7697
7697
7698
7700
7701
7705
7706
7707
7708
7708
7709
7710
7710
7710
7710
7710
7711
7711
7711
7713
7715
7716
7717
7717
7718
7719
7720
7721
7722
7722
7723
7723
7725
7725
7726
7729
7729
7729
7730
7732
7732
7735
7735
7736
7736
7737
7737
7738
7739
7739
7740
7741
7742
7745
7745
7747
7747
7748
7749
7750
7750
7751
7751
7752
7752
7753
7754
7754
7757
7758
7758
7758
7758
7759
7761
7761
7762
7765
7768
7769
7771
7777
7778
7779
7780
7780
7780
7780
7782
7784
7786
7787
7787
7787
7788
7789
7790
7790
7790
7791
7791
7792
7793
7793
7794
7796
7797
7797
7799
7799
7800
7801
7801
7803
7803
7805
7805
7806
7807
7809
7810
7810
7811
7812
7813
7814
7815
7819
7819
7826
7828
7829
7830
7831
7831
7832
7832
7834
7836
7837
7837
7837
7839
7839
7839
7839
7840
7841
7841
7841
7841
7841
7843
7844
7844
7844
7844
7846
7846
7848
7850
7850
7850
7851
7853
7853
7854
7855
7857
7858
7858
7859
7860
7861
7862
7862
7864
7866
7867
7867
7869
7869
7871
7872
7873
7873
7875
7876
7876
7879
7879
7882
7883
7884
7888
7888
7889
7890
7890
7891
7891
7892
7892
7893
7894
7895
7896
7897
7897
7898
7898
7899
7900
7901
7901
7903
7904
7906
7906
7907
7907
7907
7909
7910
7911
7911
7912
7912
7912
7913
7914
7915
7916
7916
7916
7917
7918
7918
7920
7920
7922
7923
7923
7924
7925
7925
7926
7926
7927
7927
7927
7928
7933
7933
7933
7935
7935
7936
7936
7938
7938
7939
7940
7940
7940
7942
7943
7944
7944
7945
7945
7946
7948
7950
7952
7953
7953
7954
7955
7956
7956
7956
7956
7957
7958
7958
7959
7960
7960
7962
7963
7964
7965
7966
7966
7966
7968
7969
7970
7973
7977
7978
7979
7979
7980
7980
7981
7982
7983
7985
7985
7986
7988
7988
7988
7989
7991
7992
7993
7993
7993
7995
7995
7996
7997
7998
7998
8002
8003
8003
8006
8007
8007
8008
8009
8011
8011
8012
8012
8012
8014
8014
8015
8015
8016
8018
8019
8021
8022
8023
8023
8025
8026
8028
8029
8033
8033
8035
8035
8035
8038
8038
8038
8038
8041
8042
8043
8046
8046
8046
8047
8047
8047
8051
8051
8052
8052
8053
8053
8054
8055
8056
8057
8058
8061
8062
8062
8063
8065
8066
8067
8067
8068
8069
8071
8071
8071
8074
8077
8077
8078
8078
8079
8080
8080
8084
8084
8086
8086
8086
8088
8089
8091
8094
8095
8097
8097
8097
8097
8098
8099
8100
8100
8102
8102
8103
8104
8105
8106
8106
8107
8108
8109
8110
8118
8120
8121
8123
8125
8125
8127
8128
8128
8130
8132
8133
8135
8136
8136
8136
8137
8137
8140
8144
8146
8149
8151
8151
8153
8156
8157
8157
8159
8159
8160
8160
8160
8162
8163
8166
8166
8168
8169
8171
8171
8171
8173
8174
8176
8176
8176
8176
8177
8178
8180
8181
8183
8183
8186
8187
8188
8190
8192
8192
8193
8193
8194
8196
8197
8197
8197
8197
8198
8198
8199
8200
8200
8201
8201
8202
8202
8203
8205
8206
8206
8206
8206
8207
8207
8208
8208
8209
8209
8209
8210
8210
8210
8211
8212
8214
8216
8216
8216
8217
8219
8219
8219
8220
8221
8221
8223
8225
8227
8229
8229
8229
8230
8231
8232
8233
8234
8235
8235
8236
8236
8238
8239
8240
8240
8242
8242
8243
8243
8244
8244
8244
8244
8244
8245
8245
8245
8246
8247
8247
8248
8251
8253
8254
8254
8256
8256
8257
8258
8258
8258
8259
8259
8259
8259
8260
8263
8268
8268
8269
8269
8270
8272
8272
8276
8276
8278
8278
8278
8280
8280
8283
8283
8284
8284
8290
8291
8292
8293
8293
8294
8296
8297
8298
8300
8300
8300
8301
8301
8301
8303
8304
8304
8304
8304
8304
8304
8305
8309
8310
8310
8313
8313
8314
8314
8316
8318
8318
8319
8319
8320
8321
8322
8325
8325
8326
8328
8330
8331
8332
8332
8335
8335
8336
8338
8338
8340
8344
8345
8347
8348
8351
8351
8352
8354
8354
8356
8360
8360
8360
8360
8364
8365
8365
8367
8368
8368
8368
8369
8369
8371
8371
8372
8372
8372
8372
8375
8375
8378
8381
8382
8384
8385
8385
8386
8387
8388
8388
8389
8391
8391
8392
8392
8393
8393
8394
8396
8398
8399
8400
8401
8402
8403
8404
8405
8405
8405
8406
8406
8408
8409
8411
8412
8412
8412
8414
8415
8415
8416
8416
8416
8417
8418
8419
8420
8421
8421
8422
8422
8423
8425
8426
8426
8426
8431
8431
8433
8433
8434
8434
8434
8435
8435
8435
8438
8440
8440
8440
8441
8443
8443
8443
8443
8444
8444
8445
8446
8446
8446
8447
8448
8448
8448
8452
8452
8453
8453
8454
8454
8454
8455
8456
8459
8461
8464
8465
8467
8467
8468
8468
8469
8470
8471
8471
8472
8473
8473
8475
8475
8476
8477
8477
8477
8480
8480
8483
8484
8484
8485
8486
8486
8486
8486
8487
8489
8490
8490
8491
8492
8493
8493
8493
8493
8494
8495
8495
8497
8497
8498
8498
8499
8499
8502
8502
8503
8504
8504
8504
8504
8507
8508
8509
8511
8513
8515
8515
8515
8517
8517
8518
8519
8520
8521
8522
8524
8525
8529
8531
8532
8533
8536
8536
8536
8537
8539
8539
8539
8540
8541
8543
8543
8544
8545
8545
8546
8546
8546
8546
8547
8547
8548
8548
8549
8549
8551
8555
8555
8558
8558
8559
8559
8559
8560
8560
8560
8561
8561
8563
8564
8565
8566
8567
8567
8569
8570
8570
8571
8572
8573
8574
8574
8574
8576
8576
8577
8577
8578
8580
8580
8580
8580
8582
8583
8583
8584
8586
8588
8588
8588
8589
8589
8589
8590
8591
8593
8600
8600
8603
8605
8606
8607
8607
8607
8607
8608
8608
8608
8608
8609
8611
8611
8612
8612
8614
8615
8617
8619
8620
8623
8625
8628
8630
8633
8634
8634
8634
8635
8636
8638
8639
8639
8640
8641
8642
8642
8643
8644
8647
8647
8649
8652
8655
8656
8657
8659
8666
8667
8668
8671
8675
8675
8675
8675
8676
8679
8680
8680
8683
8684
8687
8688
8688
8690
8691
8692
8692
8692
8696
8696
8696
8697
8698
8698
8698
8699
8701
8702
8704
8706
8706
8707
8708
8708
8709
8709
8714
8718
8719
8720
8721
8721
8721
8722
8722
8723
8723
8724
8724
8725
8728
8728
8728
8728
8729
8729
8729
8729
8730
8730
8731
8732
8733
8734
8734
8734
8734
8735
8736
8737
8739
8739
8739
8741
8741
8741
8743
8744
8747
8747
8747
8751
8751
8751
8753
8755
8762
8762
8762
8763
8765
8765
8766
8766
8766
8768
8769
8769
8770
8770
8770
8772
8772
8774
8775
8775
8775
8775
8776
8776
8776
8777
8779
8780
8780
8780
8780
8782
8783
8783
8784
8785
8788
8788
8788
8790
8792
8793
8793
8794
8795
8796
8797
8799
8800
8800
8801
8801
8801
8802
8803
8804
8805
8806
8806
8807
8808
8808
8809
8809
8812
8813
8813
8815
8816
8818
8821
8821
8823
8823
8826
8826
8828
8829
8829
8832
8833
8834
8836
8836
8837
8838
8838
8839
8840
8841
8843
8843
8844
8847
8847
8848
8851
8852
8854
8855
8856
8856
8856
8856
8858
8858
8859
8859
8860
8862
8863
8863
8865
8866
8866
8867
8868
8868
8869
8870
8871
8871
8871
8872
8872
8874
8875
8876
8877
8878
8882
8885
8885
8887
8888
8888
8889
8890
8890
8892
8892
8893
8893
8894
8896
8898
8899
8900
8901
8901
8902
8902
8903
8904
8905
8905
8906
8909
8910
8911
8912
8912
8915
8919
8920
8921
8921
8923
8923
8923
8923
8926
8927
8929
8929
8933
8937
8937
8942
8945
8945
8945
8946
8946
8947
8950
8951
8952
8953
8954
8955
8955
8955
8958
8958
8960
8961
8963
8963
8964
8964
8967
8970
8970
8971
8974
8976
8976
8978
8979
8979
8979
8980
8981
8983
8984
8985
8985
8986
8986
8992
8993
8994
8994
8995
8995
8997
8997
8997
8997
8999
9000
9001
9003
9003
9003
9006
9007
9007
9008
9008
9010
9010
9012
9015
9015
9016
9016
9017
9019
9021
9022
9022
9023
9025
9027
9027
9027
9027
9030
9030
9031
9032
9032
9035
9036
9036
9036
9037
9039
9040
9040
9040
9040
9042
9043
9043
9043
9043
9046
9046
9046
9047
9047
9048
9049
9049
9050
9051
9052
9054
9054
9055
9057
9057
9057
9057
9058
9058
9060
9060
9061
9062
9062
9062
9063
9063
9063
9065
9067
9067
9067
9070
9071
9071
9071
9074
9077
9077
9079
9081
9081
9083
9084
9084
9085
9085
9086
9087
9087
9088
9089
9089
9090
9090
9090
9091
9092
9093
9093
9094
9094
9095
9095
9096
9097
9097
9098
9098
9100
9101
9101
9101
9101
9102
9104
9105
9105
9106
9106
9107
9107
9108
9110
9111
9113
9115
9116
9116
9116
9118
9120
9121
9121
9123
9124
9126
9126
9126
9127
9127
9127
9128
9128
9133
9133
9137
9138
9138
9138
9139
9140
9142
9144
9145
9145
9146
9147
9148
9151
9152
9156
9156
9156
9156
9157
9157
9159
9161
9164
9164
9164
9164
9165
9165
9166
9167
9167
9168
9168
9168
9169
9174
9174
9174
9176
9176
9178
9178
9179
9179
9182
9182
9183
9183
9185
9187
9188
9190
9194
9195
9197
9201
9202
9203
9204
9204
9205
9205
9206
9207
9207
9207
9208
9208
9210
9212
9212
9213
9213
9214
9215
9218
9218
9218
9219
9221
9221
9222
9222
9223
9223
9224
9228
9229
9230
9232
9233
9233
9234
9234
9237
9238
9238
9239
9239
9240
9240
9243
9244
9244
9244
9245
9245
9245
9248
9248
9248
9249
9250
9251
9251
9251
9251
9252
9252
9254
9255
9256
9258
9261
9261
9261
9261
9263
9263
9265
9265
9265
9265
9266
9267
9268
9269
9269
9269
9270
9272
9272
9272
9273
9273
9274
9274
9275
9278
9278
9278
9280
9280
9282
9282
9283
9286
9286
9288
9288
9289
9289
9291
9291
9295
9298
9299
9299
9300
9300
9300
9302
9303
9303
9304
9304
9306
9309
9310
9310
9311
9311
9313
9315
9316
9317
9317
9318
9318
9318
9319
9319
9320
9321
9323
9325
9325
9326
9327
9329
9330
9331
9331
9331
9331
9332
9333
9333
9333
9333
9333
9333
9333
9334
9335
9335
9336
9337
9338
9338
9339
9341
9341
9344
9344
9345
9346
9347
9351
9351
9351
9352
9352
9352
9352
9354
9355
9357
9358
9359
9359
9360
9361
9362
9362
9363
9363
9363
9365
9366
9367
9367
9367
9368
9368
9368
9370
9371
9371
9374
9374
9375
9378
9380
9380
9380
9382
9383
9383
9384
9385
9385
9386
9388
9389
9392
9393
9396
9396
9397
9398
9398
9401
9402
9402
9402
9402
9403
9404
9404
9405
9405
9405
9405
9406
9406
9407
9408
9408
9410
9411
9412
9412
9412
9412
9415
9417
9418
9419
9420
9420
9420
9421
9425
9425
9427
9427
9428
9428
9429
9430
9433
9433
9434
9434
9435
9440
9440
9440
9443
9444
9446
9447
9447
9450
9450
9450
9451
9451
9452
9453
9454
9454
9456
9456
9457
9457
9459
9459
9460
9460
9460
9462
9464
9466
9467
9467
9467
9467
9468
9470
9470
9470
9470
9471
9471
9472
9472
9473
9474
9475
9475
9476
9476
9476
9479
9479
9481
9483
9483
9483
9484
9485
9487
9489
9490
9490
9490
9492
9493
9495
9497
9498
9499
9500
9500
9501
9501
9501
9502
9502
9503
9505
9506
9508
9509
9509
9511
9512
9512
9513
9517
9519
9521
9521
9522
9523
9523
9524
9525
9525
9526
9526
9526
9526
9527
9528
9529
9530
9532
9532
9532
9533
9534
9535
9535
9536
9536
9537
9537
9537
9538
9538
9539
9539
9540
9541
9541
9541
9543
9544
9544
9545
9545
9546
9553
9554
9554
9555
9555
9555
9557
9557
9558
9560
9562
9562
9565
9566
9568
9570
9570
9570
9570
9571
9572
9572
9574
9574
9576
9577
9578
9581
9583
9584
9587
9587
9587
9587
9592
9592
9593
9594
9595
9596
9598
9599
9599
9600
9601
9601
9603
9605
9607
9610
9610
9614
9616
9616
9616
9617
9618
9624
9625
9627
9627
9628
9628
9629
9632
9635
9635
9636
9637
9638
9641
9641
9641
9641
9642
9643
9644
9645
9645
9648
9649
9649
9649
9650
9652
9652
9654
9656
9657
9657
9657
9657
9659
9660
9660
9663
9664
9664
9665
9666
9669
9669
9670
9670
9673
9674
9674
9675
9675
9677
9677
9678
9679
9680
9680
9682
9682
9683
9685
9686
9687
9688
9689
9691
9692
9693
9694
9694
9695
9695
9697
9697
9697
9699
9700
9700
9700
9702
9702
9702
9703
9703
9703
9705
9705
9706
9707
9707
9708
9709
9710
9710
9710
9711
9712
9713
9714
9714
9718
9719
9720
9721
9721
9724
9725
9726
9727
9727
9728
9728
9730
9730
9731
9732
9733
9735
9735
9736
9737
9738
9740
9742
9743
9743
9743
9744
9744
9747
9751
9752
9752
9752
9753
9753
9754
9754
9754
9760
9763
9763
9763
9764
9766
9766
9769
9769
9769
9770
9771
9772
9773
9773
9774
9775
9777
9777
9777
9780
9780
9780
9781
9782
9782
9782
9783
9783
9784
9784
9785
9786
9787
9788
9789
9789
9791
9791
9793
9793
9795
9798
9799
9800
9801
9802
9803
9803
9805
9806
9806
9808
9808
9809
9811
9812
9813
9814
9816
9817
9817
9818
9818
9822
9828
9828
9828
9828
9830
9831
9834
9835
9836
9840
9842
9842
9842
9843
9844
9844
9845
9845
9846
9848
9849
9851
9852
9853
9856
9857
9857
9857
9858
9862
9867
9868
9869
9870
9870
9871
9872
9873
9874
9878
9879
9879
9880
9880
9881
9881
9881
9881
9882
9885
9885
9886
9886
9886
9887
9890
9890
9893
9894
9895
9897
9898
9898
9898
9898
9898
9899
9901
9902
9904
9906
9911
9913
9913
9914
9915
9915
9918
9918
9919
9922
9922
9922
9924
9924
9927
9927
9927
9927
9930
9931
9931
9935
9936
9937
9938
9940
9940
9941
9943
9944
9946
9947
9947
9948
9949
9952
9953
9954
9956
9956
9957
9958
9959
9960
9960
9960
9962
9963
9963
9964
9965
9965
9966
9967
9967
9967
9967
9967
9968
9970
9970
9972
9975
9978
9979
9979
9980
9982
9983
9984
9984
9986
9988
9989
9990
9990
9991
9992
9993
9993
9995
9995
9995
9996
9997
9999
10000
